15122;1692164834;801716;1692164834;900252;
4299;1692164834;921295;1692164834;944357;
2900;1692164834;956841;1692164834;964742;
2900;1692164835;1771;1692164835;9579;
2900;1692164835;31592;1692164835;42088;
2900;1692164835;56278;1692164835;69151;
2900;1692164835;86270;1692164835;95173;
2900;1692164835;108768;1692164835;120891;
2901;1692164835;152487;1692164835;161415;
2901;1692164835;181691;1692164835;190761;
2894;1692164835;206450;1692164835;219680;
2882;1692164835;236753;1692164835;252538;
2902;1692164835;276913;1692164835;301676;
2902;1692164835;320613;1692164835;337154;
2902;1692164835;351894;1692164835;360895;
2900;1692164835;376812;1692164835;385707;
2900;1692164835;401815;1692164835;409538;
2900;1692164835;427221;1692164835;435927;
2900;1692164835;452217;1692164835;459904;
2900;1692164835;476842;1692164835;484670;
2900;1692164835;508337;1692164835;527408;
2900;1692164835;548524;1692164835;556270;
2900;1692164835;579384;1692164835;588085;
2900;1692164835;609932;1692164835;619544;
2900;1692164835;636330;1692164835;649328;
2900;1692164835;676915;1692164835;685537;
2900;1692164835;702159;1692164835;717384;
2919;1692164835;727465;1692164835;747469;
2919;1692164835;756126;1692164835;763762;
2919;1692164835;801870;1692164835;809458;
2919;1692164835;827202;1692164835;842311;
2919;1692164835;856468;1692164835;864796;
2919;1692164835;878678;1692164835;894881;
2919;1692164835;906055;1692164835;914476;
2919;1692164835;951826;1692164835;964129;
2919;1692164835;976708;1692164835;984409;
2919;1692164836;2170;1692164836;13949;
2919;1692164836;29652;1692164836;41416;
2919;1692164836;59389;1692164836;67297;
2919;1692164836;76540;1692164836;87345;
2919;1692164836;101528;1692164836;111637;
2919;1692164836;128062;1692164836;140450;
2919;1692164836;158241;1692164836;167423;
2919;1692164836;176528;1692164836;185371;
2919;1692164836;201809;1692164836;214276;
2919;1692164836;228223;1692164836;238835;
2919;1692164836;257582;1692164836;267859;
2919;1692164836;278675;1692164836;287018;
2919;1692164836;306183;1692164836;323310;
2919;1692164836;336467;1692164836;345365;
2919;1692164836;377338;1692164836;387934;
2919;1692164836;408561;1692164836;421719;
2919;1692164836;439909;1692164836;456157;
2919;1692164836;476478;1692164836;488178;
2919;1692164836;517620;1692164836;530201;
2919;1692164836;546834;1692164836;583715;
2919;1692164836;597740;1692164836;663673;
2919;1692164836;687061;1692164836;695243;
2919;1692164836;747939;1692164836;779129;
2919;1692164836;796412;1692164836;807283;
2919;1692164836;828206;1692164836;842741;
2919;1692164836;860746;1692164836;869022;
2919;1692164836;886137;1692164836;905951;
2919;1692164836;926658;1692164836;935471;
2919;1692164836;951386;1692164836;961146;
2919;1692164836;976287;1692164836;984014;
2919;1692164837;1051;1692164837;10928;
2919;1692164837;30485;1692164837;38884;
2919;1692164837;56396;1692164837;66069;
2919;1692164837;79191;1692164837;86540;
2919;1692164837;102981;1692164837;112214;
2919;1692164837;127092;1692164837;134921;
2919;1692164837;151263;1692164837;159872;
2919;1692164837;177493;1692164837;191407;
2919;1692164837;206616;1692164837;214745;
2919;1692164837;228891;1692164837;238344;
2919;1692164837;262499;1692164837;281314;
2919;1692164837;296276;1692164837;304888;
2919;1692164837;329664;1692164837;339559;
2919;1692164837;356347;1692164837;364103;
2919;1692164837;377547;1692164837;385341;
2919;1692164837;401071;1692164837;408950;
2919;1692164837;432635;1692164837;446240;
2919;1692164837;457680;1692164837;466163;
2919;1692164837;501511;1692164837;516803;
2919;1692164837;526595;1692164837;543969;
2919;1692164837;556280;1692164837;563769;
2919;1692164837;601097;1692164837;608726;
2919;1692164837;626277;1692164837;637386;
2919;1692164837;651735;1692164837;661602;
2919;1692164837;677517;1692164837;687959;
2919;1692164837;700934;1692164837;711012;
2919;1692164837;728610;1692164837;739740;
2919;1692164837;756197;1692164837;763978;
2919;1692164837;778923;1692164837;789720;
2919;1692164837;806276;1692164837;815049;
2919;1692164837;826542;1692164837;837222;
2919;1692164837;856656;1692164837;864085;
2919;1692164837;876460;1692164837;889121;
2919;1692164837;907040;1692164837;922662;
2919;1692164837;936287;1692164837;949285;
2919;1692164837;975948;1692164837;985364;
2919;1692164838;4692;1692164838;16414;
2919;1692164838;29028;1692164838;36297;
2919;1692164838;50774;1692164838;60954;
2919;1692164838;78324;1692164838;98239;
2919;1692164838;109222;1692164838;116651;
2919;1692164838;150899;1692164838;159416;
2919;1692164838;176405;1692164838;184240;
2919;1692164838;201272;1692164838;212935;
2919;1692164838;226504;1692164838;235010;
2919;1692164838;253771;1692164838;263050;
2919;1692164838;276142;1692164838;284389;
2919;1692164838;301545;1692164838;312957;
2919;1692164838;326467;1692164838;335417;
2919;1692164838;351884;1692164838;365858;
2919;1692164838;376302;1692164838;387463;
2919;1692164838;403321;1692164838;413998;
2919;1692164838;426282;1692164838;434167;
2919;1692164838;456769;1692164838;468988;
2919;1692164838;486094;1692164838;498619;
2919;1692164838;525843;1692164838;537807;
2919;1692164838;551436;1692164838;566224;
2919;1692164838;576452;1692164838;586011;
2919;1692164838;600512;1692164838;609858;
2919;1692164838;627265;1692164838;634725;
2919;1692164838;650555;1692164838;664521;
2919;1692164838;676687;1692164838;684088;
2919;1692164838;701655;1692164838;711638;
2919;1692164838;726225;1692164838;734568;
2919;1692164838;750523;1692164838;758614;
2919;1692164838;776322;1692164838;784049;
2919;1692164838;803454;1692164838;814060;
2919;1692164838;830231;1692164838;844859;
2919;1692164838;856335;1692164838;867067;
2919;1692164838;900503;1692164838;909493;
2919;1692164838;927755;1692164838;936494;
2919;1692164838;989845;1692164838;997886;
11175;1692164839;100415;1692164839;182607;
14328;1692164839;199105;1692164839;271896;
15158;1692164839;286334;1692164839;367863;
15035;1692164839;378386;1692164839;480690;
15077;1692164839;496458;1692164839;573783;
15097;1692164839;586609;1692164839;647543;
15122;1692164839;661322;1692164839;740194;
15098;1692164839;756413;1692164839;842604;
15012;1692164839;856601;1692164839;957448;
15134;1692164839;966605;1692164840;31784;
15118;1692164840;48715;1692164840;123130;
15122;1692164840;145866;1692164840;380644;
15085;1692164840;412878;1692164840;519087;
15097;1692164840;540023;1692164840;625662;
15130;1692164840;636278;1692164840;706031;
15124;1692164840;716272;1692164840;778127;
15093;1692164840;798282;1692164840;879932;
15103;1692164840;896311;1692164840;965218;
15164;1692164840;984425;1692164841;100435;
15087;1692164841;119696;1692164841;190326;
15091;1692164841;208419;1692164841;331646;
15140;1692164841;347331;1692164841;411013;
15099;1692164841;429318;1692164841;510117;
15064;1692164841;528817;1692164841;588612;
15084;1692164841;607889;1692164841;681337;
15148;1692164841;696769;1692164841;760600;
15118;1692164841;785386;1692164841;888089;
15081;1692164841;908649;1692164841;998594;
15109;1692164842;16326;1692164842;115450;
15124;1692164842;126387;1692164842;200285;
15075;1692164842;216657;1692164842;286655;
15060;1692164842;300145;1692164842;371106;
15121;1692164842;387301;1692164842;473947;
15091;1692164842;491640;1692164842;586507;
15119;1692164842;596709;1692164842;674447;
15071;1692164842;686445;1692164842;750720;
15100;1692164842;766454;1692164842;847563;
15149;1692164842;857791;1692164842;925058;
15107;1692164842;947478;1692164843;57531;
20499;1692164843;189820;1692164843;325256;
22596;1692164843;336362;1692164843;499651;
24493;1692164843;523508;1692164843;641119;
23369;1692164843;691002;1692164843;799513;
24284;1692164843;816691;1692164843;935895;
24248;1692164843;987511;1692164844;107616;
24290;1692164844;116378;1692164844;377347;
24302;1692164844;388330;1692164844;509608;
24314;1692164844;526466;1692164844;668567;
24174;1692164844;686821;1692164844;802547;
24270;1692164844;819767;1692164844;988775;
24311;1692164845;9878;1692164845;127755;
24274;1692164845;188168;1692164845;326221;
24206;1692164845;336431;1692164845;444361;
24251;1692164845;501149;1692164845;657540;
24201;1692164845;666862;1692164845;795623;
24223;1692164845;807370;1692164845;917920;
24243;1692164845;988732;1692164848;663698;
24251;1692164848;676314;1692164848;777892;
24287;1692164848;791043;1692164848;899978;
24238;1692164848;985816;1692164849;161555;
24234;1692164849;176651;1692164849;293074;
24222;1692164849;312105;1692164849;433435;
24218;1692164849;484241;1692164849;588831;
24193;1692164849;606818;1692164849;713091;
24207;1692164849;785198;1692164849;960270;
24326;1692164849;976529;1692164850;108414;
24155;1692164850;128755;1692164850;240359;
24240;1692164850;283972;1692164850;417539;
24203;1692164850;437814;1692164850;548770;
24305;1692164850;584153;1692164850;709311;
24315;1692164850;726523;1692164850;851106;
24126;1692164850;887617;1692164850;992194;
24273;1692164851;10222;1692164851;183785;
24129;1692164851;197774;1692164851;352602;
24246;1692164851;383252;1692164851;495122;
24159;1692164851;508788;1692164851;615880;
24241;1692164851;684965;1692164851;796748;
24155;1692164851;807996;1692164851;918136;
24248;1692164851;997257;1692164852;192610;
24164;1692164852;206462;1692164852;303644;
24113;1692164852;384417;1692164852;504850;
24199;1692164852;516524;1692164852;652203;
24207;1692164852;682958;1692164852;825578;
24879;1692164852;973868;1692164853;106033;
20239;1692164853;117684;1692164853;220552;
27540;1692164853;270747;1692164853;404467;
27453;1692164853;416547;1692164853;548478;
30755;1692164853;573117;1692164853;732301;
26572;1692164853;746433;1692164853;908232;
27983;1692164853;916475;1692164854;44228;
27974;1692164854;70994;1692164854;207732;
28015;1692164854;216648;1692164854;342961;
27918;1692164854;372677;1692164854;503084;
27940;1692164854;516602;1692164854;662006;
27978;1692164854;677015;1692164854;822888;
27978;1692164854;870749;1692164855;17773;
27839;1692164855;26677;1692164855;186865;
27883;1692164855;197434;1692164855;353908;
27841;1692164855;369299;1692164855;502052;
27915;1692164855;523687;1692164855;685819;
27874;1692164855;703138;1692164855;841686;
27856;1692164855;872094;1692164856;19315;
27791;1692164856;38322;1692164856;178251;
27828;1692164856;186704;1692164856;334085;
28049;1692164856;369241;1692164856;526084;
27897;1692164856;539727;1692164856;673752;
27830;1692164856;686603;1692164856;850417;
44856;1692164856;880720;1692164857;77064;
20584;1692164857;87057;1692164857;181926;
22575;1692164857;287044;1692164857;435711;
22582;1692164857;447941;1692164857;550276;
25093;1692164857;580616;1692164857;688020;
23216;1692164857;697165;1692164857;813337;
24134;1692164860;174028;1692164860;282314;
24127;1692164860;298533;1692164860;439715;
24221;1692164860;484761;1692164860;618528;
24213;1692164860;636559;1692164860;753917;
24126;1692164860;781436;1692164860;951447;
7742;1692164861;18847;1692164861;63151;
7742;1692164861;76623;1692164861;107056;
9475;1692164861;175049;1692164861;486273;
10141;1692164861;500788;1692164861;554569;
10075;1692164861;567473;1692164861;605986;
10069;1692164861;620187;1692164861;663634;
10111;1692164861;676722;1692164861;718609;
10162;1692164861;767451;1692164861;808861;
10134;1692164861;826489;1692164861;867356;
10091;1692164861;918876;1692164861;967320;
10076;1692164861;977509;1692164862;24893;
10125;1692164862;69208;1692164862;105815;
10113;1692164862;127318;1692164862;172253;
10117;1692164862;217178;1692164862;261747;
10089;1692164862;276767;1692164862;322118;
10080;1692164862;368795;1692164862;422501;
10079;1692164862;437039;1692164862;478526;
10096;1692164862;517132;1692164862;554932;
10084;1692164862;567821;1692164862;620156;
10109;1692164862;638077;1692164862;690104;
10106;1692164862;717085;1692164862;757626;
10079;1692164862;766854;1692164862;814079;
10151;1692164862;828314;1692164862;867002;
10127;1692164862;916863;1692164862;958923;
10111;1692164862;977336;1692164863;16459;
10123;1692164863;66892;1692164863;122641;
10097;1692164863;136720;1692164863;174709;
10136;1692164863;216894;1692164863;258019;
10068;1692164863;266792;1692164863;325606;
10108;1692164863;338544;1692164863;390813;
10127;1692164863;416806;1692164863;460666;
10087;1692164863;476965;1692164863;519444;
10131;1692164863;569066;1692164863;618291;
10084;1692164863;638126;1692164863;681128;
10084;1692164863;716863;1692164863;764301;
10099;1692164863;778779;1692164863;824239;
10101;1692164863;868704;1692164863;918673;
10072;1692164863;938211;1692164863;976346;
10115;1692164864;16661;1692164864;59478;
10064;1692164864;77191;1692164864;134491;
10087;1692164864;166820;1692164864;209651;
10098;1692164864;226668;1692164864;327232;
10114;1692164864;340441;1692164864;445106;
10100;1692164864;456901;1692164864;532105;
10107;1692164864;548321;1692164864;587450;
10090;1692164864;616284;1692164864;652272;
10091;1692164864;666552;1692164864;714553;
10093;1692164864;730552;1692164864;773127;
10109;1692164864;816912;1692164864;955383;
22758;1692164865;159218;1692164865;274300;
22823;1692164865;293355;1692164865;443700;
25411;1692164865;456878;1692164865;572175;
23447;1692164865;586593;1692164865;711881;
24401;1692164865;757255;1692164865;881508;
24517;1692164865;897329;1692164866;20176;
24527;1692164866;56485;1692164866;180654;
24461;1692164866;196644;1692164866;319756;
24330;1692164866;356698;1692164866;455458;
24455;1692164866;472569;1692164866;607400;
24438;1692164866;657590;1692164867;68557;
24588;1692164867;86713;1692164867;211456;
24414;1692164867;256126;1692164867;397921;
24464;1692164867;406753;1692164867;507583;
24471;1692164867;555778;1692164867;696148;
24373;1692164867;706484;1692164867;799893;
24373;1692164867;857274;1692164868;27756;
24422;1692164868;36635;1692164868;171434;
24349;1692164868;193405;1692164868;327790;
24434;1692164868;358602;1692164868;515462;
24499;1692164868;526707;1692164868;636031;
24414;1692164868;662129;1692164868;880199;
24405;1692164868;896747;1692164869;85282;
20095;1692164869;145644;1692164869;240869;
20068;1692164869;256917;1692164869;363060;
27819;1692164869;444582;1692164869;566270;
30260;1692164869;576534;1692164869;772945;
26722;1692164869;786984;1692164870;63378;
27863;1692164870;88930;1692164870;268416;
27807;1692164870;286751;1692164870;412552;
27909;1692164870;445147;1692164870;568200;
27912;1692164870;576689;1692164870;727354;
27767;1692164870;742345;1692164870;895761;
27929;1692164870;906981;1692164871;52728;
27896;1692164871;67460;1692164871;202945;
27936;1692164871;242345;1692164871;440625;
27739;1692164871;457230;1692164871;594280;
27809;1692164871;642314;1692164871;798159;
27890;1692164871;809128;1692164871;977278;
27813;1692164871;998850;1692164872;138015;
27877;1692164872;157983;1692164872;310532;
27832;1692164872;344254;1692164872;496740;
27879;1692164872;507906;1692164872;705424;
27888;1692164872;719950;1692164872;879857;
27894;1692164872;898797;1692164873;107244;
26356;1692164873;117838;1692164873;307900;
17132;1692164873;320601;1692164873;407656;
22526;1692164873;453450;1692164873;551030;
24432;1692164873;566686;1692164873;690040;
23163;1692164873;755975;1692164873;871096;
24108;1692164873;886973;1692164874;13881;
24152;1692164874;53911;1692164874;185643;
24099;1692164874;202644;1692164874;320173;
24163;1692164874;352797;1692164874;492469;
24116;1692164874;506699;1692164874;628605;
24150;1692164874;653607;1692164874;790233;
24198;1692164874;815669;1692164875;70647;
24131;1692164875;87602;1692164875;197270;
24009;1692164875;258200;1692164875;434667;
24101;1692164875;451565;1692164875;567252;
24022;1692164875;586696;1692164875;708855;
24138;1692164875;752164;1692164875;864278;
24066;1692164875;877375;1692164876;16594;
24064;1692164876;51898;1692164876;166170;
24131;1692164876;181798;1692164876;300937;
24139;1692164876;357752;1692164876;487303;
24009;1692164876;498116;1692164876;627130;
24163;1692164876;651686;1692164876;796800;
24057;1692164876;806670;1692164876;924827;
23978;1692164876;951962;1692164877;121318;
24775;1692164877;245736;1692164877;383419;
20326;1692164877;396695;1692164877;577757;
27738;1692164877;587893;1692164877;760560;
30378;1692164877;782061;1692164877;941040;
26810;1692164877;959006;1692164878;86707;
27979;1692164878;142439;1692164878;317929;
28048;1692164878;329633;1692164878;523410;
28020;1692164878;538050;1692164878;690843;
28009;1692164878;707245;1692164878;871250;
27912;1692164878;886823;1692164879;75137;
27854;1692164879;86852;1692164879;283018;
27899;1692164879;298993;1692164879;457712;
27884;1692164879;468030;1692164879;616564;
27850;1692164879;638211;1692164879;775718;
27895;1692164879;799127;1692164879;971642;
27951;1692164880;9948;1692164880;176824;
27966;1692164880;188428;1692164880;324845;
27937;1692164880;337893;1692164880;483415;
27913;1692164880;496609;1692164880;658175;
27906;1692164880;696914;1692164880;870911;
27826;1692164880;894685;1692164881;70977;
27807;1692164881;87475;1692164881;224362;
27944;1692164881;238060;1692164881;367974;
27774;1692164881;389277;1692164881;535267;
27864;1692164881;546909;1692164881;697259;
27831;1692164881;737353;1692164881;902993;
27837;1692164881;923265;1692164882;100794;
27816;1692164882;118827;1692164882;280087;
27852;1692164882;298562;1692164882;429708;
27799;1692164882;446791;1692164882;568145;
27886;1692164884;862262;1692164885;3485;
27815;1692164885;16938;1692164885;194692;
27861;1692164885;207011;1692164885;380721;
24020;1692164885;397036;1692164885;529396;
17152;1692164885;547391;1692164885;624408;
17150;1692164885;647864;1692164885;736679;
22586;1692164885;748038;1692164885;891304;
22544;1692164885;907470;1692164886;9694;
25150;1692164886;47727;1692164886;163091;
23368;1692164886;179143;1692164886;445589;
24250;1692164886;457530;1692164886;559597;
24264;1692164888;689359;1692164888;824860;
24281;1692164888;836990;1692164888;979565;
24304;1692164888;996867;1692164889;208140;
24315;1692164889;226802;1692164889;462999;
17159;1692164889;477940;1692164889;553959;
4885;1692164889;570093;1692164889;584238;
5272;1692164889;643585;1692164889;711014;
5272;1692164889;727326;1692164889;751554;
5272;1692164889;792518;1692164889;831284;
5272;1692164889;849160;1692164889;886308;
5274;1692164889;897510;1692164889;935344;
5274;1692164889;993512;1692164890;24268;
5274;1692164890;42302;1692164890;96021;
5274;1692164890;117100;1692164890;142585;
5274;1692164890;193556;1692164890;217730;
5274;1692164890;242387;1692164890;261127;
5274;1692164890;292405;1692164890;338385;
5274;1692164890;347275;1692164890;376724;
5274;1692164890;464154;1692164890;533004;
5274;1692164890;547953;1692164890;597174;
5274;1692164890;657951;1692164890;676799;
5274;1692164890;697813;1692164890;731897;
5274;1692164890;747115;1692164890;817324;
5263;1692164890;827841;1692164890;856748;
5263;1692164890;892675;1692164890;912622;
5255;1692164890;952425;1692164890;972739;
5264;1692164890;991826;1692164891;10587;
5264;1692164891;42868;1692164891;62557;
5250;1692164891;94700;1692164891;112933;
5250;1692164891;142190;1692164891;165602;
5278;1692164891;193287;1692164891;216164;
5278;1692164891;255656;1692164891;292012;
5278;1692164891;307116;1692164891;329580;
5278;1692164891;393238;1692164891;465532;
5276;1692164891;478588;1692164891;505420;
5270;1692164891;541693;1692164891;569272;
5270;1692164891;591621;1692164891;617239;
5270;1692164891;642276;1692164891;682534;
5277;1692164891;699445;1692164891;734085;
5277;1692164891;747645;1692164891;805269;
5277;1692164891;850556;1692164891;875337;
5277;1692164891;891471;1692164891;916948;
5267;1692164891;941617;1692164891;972730;
5267;1692164891;991507;1692164892;24410;
5263;1692164892;42105;1692164892;81240;
5249;1692164892;97008;1692164892;134848;
5254;1692164892;146873;1692164892;174533;
5254;1692164892;241900;1692164892;286601;
5252;1692164892;297474;1692164892;330767;
5249;1692164892;411762;1692164892;700075;
5269;1692164892;720159;1692164892;759636;
5269;1692164892;791240;1692164892;812814;
5269;1692164892;841266;1692164892;864063;
5269;1692164892;893057;1692164892;925307;
5269;1692164892;941128;1692164892;960291;
5268;1692164892;991172;1692164893;22678;
5268;1692164893;43826;1692164893;83595;
5279;1692164893;97058;1692164893;140268;
5279;1692164893;194536;1692164893;217503;
5279;1692164893;241099;1692164893;308982;
41529;1692164893;358599;1692164893;611365;
11332;1692164893;631998;1692164893;743649;
15121;1692164893;756829;1692164893;842301;
15064;1692164893;856933;1692164893;921154;
15086;1692164893;945124;1692164894;30385;
15049;1692164894;47015;1692164894;122495;
15059;1692164894;136990;1692164894;206165;
15038;1692164894;216974;1692164894;296572;
15060;1692164894;307110;1692164894;456961;
15079;1692164894;471591;1692164894;549033;
15104;1692164894;569223;1692164894;633409;
15059;1692164894;646907;1692164894;714182;
15054;1692164894;727009;1692164894;788950;
15097;1692164894;807865;1692164894;883198;
15041;1692164894;896845;1692164895;47375;
15029;1692164895;60126;1692164895;198146;
15056;1692164895;216914;1692164895;289375;
15042;1692164895;306878;1692164895;383915;
15001;1692164895;397522;1692164895;462115;
15057;1692164895;476800;1692164895;557457;
15064;1692164895;567227;1692164895;636288;
15029;1692164895;649299;1692164895;721483;
15071;1692164895;743485;1692164895;810948;
15048;1692164895;827799;1692164895;909748;
15056;1692164895;926997;1692164896;17825;
15056;1692164896;40229;1692164896;117951;
15029;1692164896;140613;1692164896;218116;
15054;1692164896;228003;1692164896;302729;
15045;1692164896;317544;1692164896;385539;
15043;1692164896;396865;1692164896;475818;
15040;1692164896;492931;1692164896;578604;
15007;1692164896;599144;1692164896;663551;
15060;1692164896;686935;1692164896;763539;
15074;1692164896;777197;1692164896;844384;
15015;1692164896;857024;1692164896;938108;
15012;1692164896;957135;1692164897;21717;
15039;1692164897;43596;1692164897;111766;
15043;1692164897;127236;1692164897;209571;
15026;1692164897;226894;1692164897;299522;
15031;1692164897;316872;1692164897;446739;
27648;1692164897;457601;1692164897;575959;
20188;1692164900;383197;1692164900;547321;
20189;1692164900;579495;1692164900;668307;
27927;1692164900;728633;1692164901;332474;
27874;1692164901;347324;1692164901;537040;
18211;1692164901;546971;1692164901;677962;
11269;1692164901;698977;1692164901;751303;
15154;1692164901;773960;1692164901;856582;
15089;1692164901;867177;1692164901;945536;
15051;1692164901;957107;1692164902;64366;
15083;1692164902;78029;1692164902;152705;
15056;1692164902;167772;1692164902;234341;
15117;1692164902;247386;1692164902;334435;
15194;1692164902;347371;1692164902;419812;
15082;1692164902;437081;1692164902;517394;
15016;1692164902;536994;1692164902;603573;
15128;1692164902;623350;1692164902;710144;
15077;1692164902;727244;1692164902;796776;
15034;1692164902;807588;1692164902;881029;
15039;1692164902;896927;1692164902;979578;
15053;1692164902;998616;1692164903;58989;
15041;1692164903;80108;1692164903;188518;
15025;1692164903;197962;1692164903;276841;
15098;1692164903;287003;1692164903;379066;
15041;1692164903;397045;1692164903;488780;
15035;1692164903;508135;1692164903;580237;
15080;1692164903;597429;1692164903;662993;
15031;1692164903;677018;1692164903;744698;
15082;1692164903;767361;1692164903;882907;
15078;1692164903;902094;1692164904;12712;
15037;1692164904;27219;1692164904;136592;
15137;1692164904;146888;1692164904;224184;
15061;1692164904;239511;1692164904;326818;
15091;1692164904;343092;1692164904;406015;
15074;1692164904;423475;1692164904;505860;
15128;1692164904;517021;1692164904;602226;
15063;1692164904;616958;1692164904;679752;
15099;1692164904;697145;1692164904;766244;
15021;1692164904;787441;1692164904;845441;
15074;1692164904;895440;1692164904;971746;
15055;1692164904;989833;1692164905;159030;
15091;1692164905;179810;1692164905;253538;
15091;1692164905;269860;1692164905;349263;
15013;1692164905;374196;1692164905;478223;
20581;1692164905;613852;1692164905;723527;
22573;1692164905;737133;1692164905;839740;
24536;1692164905;913622;1692164906;20025;
25077;1692164906;37182;1692164906;170345;
24125;1692164906;212214;1692164906;331678;
24182;1692164906;347448;1692164906;461379;
24180;1692164906;511641;1692164906;626508;
24208;1692164906;637057;1692164906;765015;
24142;1692164906;811923;1692164906;934535;
24148;1692164906;947610;1692164907;84404;
24183;1692164907;117325;1692164907;228072;
24249;1692164907;237067;1692164907;397242;
24157;1692164907;415442;1692164907;574261;
24201;1692164907;589013;1692164907;703419;
24208;1692164907;718730;1692164907;858960;
24194;1692164910;634499;1692164910;745129;
24152;1692164910;760690;1692164910;943890;
14999;1692164910;957148;1692164911;30563;
11321;1692164911;47312;1692164911;132236;
13598;1692164911;147377;1692164911;200497;
14483;1692164911;227390;1692164911;307122;
15190;1692164911;319539;1692164911;392727;
14994;1692164911;409825;1692164911;475595;
15067;1692164911;487200;1692164911;556886;
15100;1692164911;579061;1692164911;657091;
15046;1692164911;667546;1692164911;751655;
15028;1692164911;767061;1692164911;839796;
15077;1692164911;857569;1692164911;940714;
15018;1692164911;956968;1692164912;31062;
15031;1692164912;49555;1692164912;130601;
15038;1692164912;147396;1692164912;215401;
15140;1692164912;227470;1692164912;315529;
15097;1692164912;331959;1692164912;414834;
15052;1692164912;461420;1692164912;525245;
15046;1692164912;540292;1692164912;644933;
15065;1692164912;657305;1692164912;735065;
15131;1692164912;748212;1692164912;841811;
15023;1692164912;860710;1692164912;929587;
15042;1692164912;949974;1692164913;47282;
15173;1692164913;58479;1692164913;132277;
15102;1692164913;147567;1692164913;233856;
15015;1692164913;252839;1692164913;373185;
15065;1692164913;388510;1692164913;492476;
15046;1692164913;507598;1692164913;583452;
15060;1692164913;597210;1692164913;683801;
15086;1692164913;698259;1692164913;788162;
15080;1692164913;799923;1692164913;908269;
15066;1692164913;918108;1692164913;986910;
15019;1692164913;997513;1692164914;80511;
15048;1692164914;97096;1692164914;164494;
15070;1692164914;178560;1692164914;244159;
15057;1692164914;273943;1692164914;353257;
15065;1692164914;367894;1692164914;467010;
15105;1692164914;479398;1692164914;574813;
15083;1692164914;588734;1692164914;665050;
15076;1692164914;677393;1692164914;780115;
15086;1692164914;801329;1692164914;891544;
15084;1692164914;930860;1692164915;13447;
15087;1692164915;27101;1692164915;115801;
15117;1692164915;146913;1692164915;225950;
15035;1692164915;246220;1692164915;322206;
15085;1692164915;337056;1692164915;425926;
15103;1692164915;442633;1692164915;561080;
15135;1692164915;589391;1692164915;681096;
15068;1692164915;697109;1692164915;758970;
15046;1692164915;781268;1692164915;860826;
15055;1692164915;878600;1692164915;947086;
15055;1692164915;976062;1692164916;56898;
15071;1692164916;67037;1692164916;141877;
15036;1692164916;157115;1692164916;221928;
15045;1692164916;240656;1692164916;346642;
15080;1692164916;358599;1692164916;435824;
15079;1692164916;460825;1692164916;521237;
15013;1692164916;537672;1692164916;603806;
15063;1692164916;619632;1692164916;679894;
15046;1692164916;697380;1692164916;772724;
15075;1692164916;788456;1692164916;860926;
15062;1692164916;877155;1692164917;24811;
15087;1692164917;42231;1692164917;164597;
15041;1692164917;177832;1692164917;258523;
15069;1692164917;279582;1692164917;378441;
15047;1692164917;397258;1692164917;468496;
15035;1692164917;476965;1692164917;597264;
15068;1692164917;607534;1692164917;682511;
14994;1692164917;696940;1692164917;778446;
14987;1692164917;798483;1692164917;868574;
15059;1692164917;888413;1692164917;950709;
15075;1692164917;969932;1692164918;35096;
15053;1692164918;47373;1692164918;146943;
15035;1692164918;157081;1692164918;255120;
15094;1692164918;267450;1692164918;335949;
15075;1692164918;347435;1692164918;413254;
15021;1692164918;427216;1692164918;496437;
15049;1692164918;521396;1692164918;623455;
15038;1692164918;637213;1692164918;757284;
15108;1692164918;767256;1692164918;858437;
15078;1692164918;880325;1692164918;958433;
15061;1692164918;977212;1692164919;236628;
15078;1692164919;251677;1692164919;324509;
15025;1692164919;343743;1692164919;423710;
15080;1692164919;437189;1692164919;519286;
15040;1692164919;538583;1692164919;597379;
15011;1692164919;618487;1692164919;688518;
15052;1692164919;708424;1692164919;780717;
15057;1692164919;797231;1692164919;875860;
15065;1692164919;887232;1692164919;966759;
15118;1692164919;977340;1692164920;48477;
15036;1692164920;70569;1692164920;140871;
15018;1692164920;157068;1692164920;229839;
15047;1692164920;247238;1692164920;304045;
15030;1692164920;318676;1692164920;421760;
15038;1692164920;437308;1692164920;495514;
15011;1692164920;522352;1692164920;581102;
15004;1692164920;597281;1692164920;658526;
15093;1692164920;677324;1692164920;745183;
15064;1692164920;757082;1692164920;841302;
15064;1692164920;858626;1692164920;924051;
15044;1692164920;937268;1692164921;8519;
15098;1692164921;27438;1692164921;106055;
15048;1692164921;117335;1692164921;199916;
15077;1692164921;217465;1692164921;282081;
15057;1692164921;299582;1692164921;387071;
15027;1692164921;401725;1692164921;471848;
15062;1692164921;487107;1692164921;567919;
15072;1692164921;577614;1692164921;657918;
15083;1692164921;677139;1692164921;766194;
15054;1692164921;777453;1692164921;834481;
15102;1692164921;867838;1692164921;937231;
15091;1692164921;947333;1692164922;11080;
15080;1692164922;27229;1692164922;89167;
15069;1692164922;119503;1692164922;189698;
15039;1692164922;207060;1692164922;309423;
15075;1692164922;328495;1692164922;421090;
15068;1692164922;448922;1692164922;544092;
15048;1692164922;557249;1692164922;641724;
15052;1692164922;658130;1692164922;776034;
15060;1692164922;787337;1692164922;858479;
15064;1692164922;877188;1692164923;5658;
28241;1692164923;18131;1692164923;151450;
27756;1692164923;204442;1692164923;361772;
27714;1692164923;377219;1692164923;579350;
30874;1692164923;601612;1692164923;745224;
28124;1692164923;757137;1692164923;929336;
28080;1692164923;947421;1692164924;81245;
28161;1692164924;98945;1692164924;234804;
28018;1692164924;247251;1692164924;389961;
28177;1692164924;410830;1692164924;567271;
28018;1692164924;598595;1692164924;747249;
28079;1692164924;757964;1692164924;888928;
27963;1692164924;907767;1692164925;49483;
28146;1692164925;68074;1692164925;204033;
28047;1692164925;219203;1692164925;374239;
28005;1692164925;398578;1692164925;518984;
27882;1692164925;537275;1692164925;681408;
27984;1692164925;697962;1692164925;937644;
28015;1692164925;947723;1692164926;380682;
27998;1692164926;397969;1692164926;535117;
27993;1692164926;547257;1692164926;683442;
28059;1692164926;698597;1692164926;816583;
27996;1692164926;828337;1692164926;973192;
28088;1692164926;997196;1692164927;229906;
23976;1692164927;247524;1692164927;364404;
11309;1692164927;379733;1692164927;431606;
13792;1692164927;455174;1692164927;548008;
14612;1692164927;559042;1692164927;637371;
15081;1692164927;655118;1692164927;722169;
15130;1692164927;737404;1692164927;802905;
15097;1692164927;817511;1692164927;883771;
15070;1692164927;905133;1692164927;981923;
15111;1692164927;997321;1692164928;61451;
15085;1692164928;77388;1692164928;152841;
15122;1692164928;167775;1692164928;238022;
15103;1692164928;259259;1692164928;336347;
15106;1692164928;347469;1692164928;431541;
15160;1692164928;449091;1692164928;540766;
15050;1692164928;559134;1692164928;694588;
15079;1692164928;707296;1692164928;813246;
15067;1692164928;829875;1692164928;891857;
15143;1692164928;907515;1692164928;973902;
15079;1692164929;7623;1692164929;74208;
15121;1692164929;88447;1692164929;167704;
15053;1692164929;191499;1692164929;267620;
15140;1692164929;277461;1692164929;355190;
15078;1692164929;367232;1692164929;430886;
15066;1692164929;454365;1692164929;518371;
15112;1692164929;547637;1692164929;614877;
15124;1692164929;632592;1692164929;692254;
15126;1692164929;711753;1692164929;790510;
15114;1692164929;807385;1692164929;873587;
15135;1692164929;889290;1692164929;956341;
15091;1692164929;967324;1692164930;72497;
15099;1692164930;87490;1692164930;199764;
15129;1692164930;219010;1692164930;331282;
15118;1692164930;350101;1692164930;438671;
15071;1692164930;463468;1692164930;530282;
15126;1692164930;547158;1692164930;617695;
15093;1692164930;637297;1692164930;707014;
15095;1692164930;724492;1692164930;805106;
15116;1692164930;817250;1692164930;886910;
15120;1692164930;904067;1692164931;53611;
15092;1692164931;94138;1692164931;213357;
177835;1692164931;297070;1692164932;216321;
20159;1692164932;227299;1692164932;342437;
27746;1692164932;400184;1692164932;545192;
27708;1692164932;557459;1692164932;715704;
27663;1692164932;727317;1692164932;849704;
27669;1692164932;897001;1692164933;54493;
27694;1692164933;67634;1692164933;323153;
27745;1692164933;339641;1692164933;516229;
27649;1692164933;532989;1692164933;729152;
27633;1692164933;750864;1692164933;878859;
27717;1692164933;901327;1692164934;57844;
27625;1692164934;68732;1692164934;211779;
27634;1692164934;227469;1692164934;345024;
27703;1692164934;395508;1692164934;529929;
27731;1692164934;593872;1692164934;799076;
27664;1692164934;818237;1692164934;986829;
27639;1692164935;1032;1692164935;147299;
27681;1692164935;193424;1692164935;331111;
27746;1692164935;348029;1692164935;504848;
27619;1692164935;517264;1692164935;649625;
27567;1692164935;695043;1692164935;853555;
27521;1692164935;868966;1692164936;10672;
27601;1692164936;27850;1692164936;165595;
27601;1692164936;196813;1692164936;325614;
27630;1692164936;337259;1692164936;455620;
27689;1692164936;493529;1692164936;627741;
27628;1692164936;639492;1692164936;788618;
27599;1692164936;809296;1692164936;927862;
27661;1692164936;993937;1692164937;367571;
27702;1692164937;378298;1692164937;512836;
27705;1692164937;528451;1692164937;675402;
27625;1692164937;691753;1692164937;827051;
27641;1692164937;841502;1692164937;972612;
27673;1692164938;1123;1692164938;125198;
27677;1692164938;137732;1692164938;263627;
27514;1692164938;291526;1692164938;430889;
27644;1692164938;456128;1692164938;628459;
27637;1692164938;637468;1692164938;768039;
27600;1692164938;791163;1692164938;986624;
27641;1692164939;10368;1692164939;156148;
27631;1692164939;191329;1692164939;320623;
27525;1692164939;337979;1692164939;478451;
27661;1692164939;497466;1692164939;634671;
27532;1692164939;649540;1692164939;763382;
27673;1692164939;792308;1692164939;928877;
27643;1692164939;947868;1692164940;72958;
27496;1692164940;90567;1692164940;226382;
27595;1692164940;237661;1692164940;373221;
27548;1692164940;390315;1692164940;519233;
27629;1692164940;538278;1692164940;676133;
27610;1692164940;693518;1692164940;851277;
27543;1692164940;867317;1692164941;4204;
27621;1692164941;20522;1692164941;157646;
27640;1692164941;190754;1692164941;324390;
27599;1692164941;337389;1692164941;458164;
27556;1692164941;490862;1692164941;641016;
27533;1692164941;657429;1692164941;796173;
27576;1692164941;807745;1692164941;968096;
27634;1692164941;990951;1692164942;116380;
27579;1692164942;128102;1692164942;242588;
27789;1692164942;293485;1692164942;425736;
27594;1692164942;437740;1692164942;633617;
27633;1692164942;648484;1692164942;792125;
27537;1692164942;814752;1692164942;923418;
27695;1692164942;994029;1692164943;145738;
27661;1692164943;171743;1692164943;391485;
27511;1692164943;427259;1692164943;624144;
27515;1692164943;637443;1692164943;772737;
27554;1692164943;788426;1692164943;924242;
27440;1692164943;948373;1692164944;114324;
27607;1692164944;128678;1692164944;291277;
27727;1692164944;308331;1692164944;437106;
27640;1692164944;489923;1692164944;627880;
27637;1692164944;641163;1692164944;796934;
27537;1692164944;809680;1692164944;931158;
27550;1692164944;992918;1692164945;499183;
27580;1692164945;517574;1692164945;645409;
27490;1692164945;687491;1692164945;828073;
27553;1692164945;837390;1692164945;965510;
27510;1692164945;987040;1692164946;134629;
27514;1692164946;147583;1692164946;275854;
27573;1692164946;288195;1692164946;409883;
27380;1692164946;427490;1692164946;555342;
27588;1692164946;587051;1692164946;733671;
27548;1692164946;755437;1692164946;876544;
27618;1692164946;889630;1692164947;33105;
27555;1692164947;49799;1692164947;182303;
27598;1692164947;197430;1692164947;324647;
27601;1692164947;390687;1692164947;570445;
27504;1692164947;589309;1692164947;843014;
70089;1692164947;860217;1692164948;209689;
17122;1692164948;236302;1692164948;335182;
24908;1692164948;400513;1692164948;711162;
23156;1692164948;727497;1692164948;843612;
23988;1692164951;839694;1692164951;981604;
24026;1692164951;997556;1692164952;181497;
24054;1692164952;233014;1692164952;405916;
24096;1692164952;419174;1692164952;530746;
24076;1692164954;757562;1692164954;863846;
24209;1692164954;877659;1692164955;11196;
24068;1692164955;28950;1692164955;125027;
24015;1692164955;195942;1692164955;353010;
24068;1692164955;370216;1692164955;491235;
24140;1692164955;507576;1692164955;619649;
24104;1692164955;695242;1692164958;67866;
24100;1692164958;78362;1692164958;248100;
58918;1692164958;257823;1692164958;602807;
9576;1692164958;617960;1692164958;682569;
10154;1692164958;698531;1692164958;741354;
10105;1692164958;791768;1692164958;833993;
10139;1692164958;847892;1692164958;886671;
10088;1692164961;415002;1692164961;459564;
10084;1692164961;479308;1692164961;544895;
10080;1692164961;557582;1692164961;599836;
10095;1692164961;643561;1692164961;685959;
10125;1692164961;699105;1692164961;740710;
10156;1692164961;790514;1692164961;839766;
10121;1692164961;857651;1692164961;915626;
10073;1692164961;940326;1692164962;458;
10092;1692164962;19808;1692164962;106317;
10152;1692164962;117701;1692164962;196136;
18312;1692164962;237705;1692164962;356391;
3992;1692164962;379943;1692164962;393258;
4854;1692164962;439222;1692164962;463932;
5258;1692164962;487627;1692164962;512094;
5258;1692164962;548895;1692164962;572498;
5259;1692164962;587970;1692164962;610069;
5259;1692164962;637621;1692164962;656303;
5259;1692164962;687595;1692164962;733935;
5251;1692164962;747821;1692164962;766284;
5251;1692164962;839090;1692164962;858031;
5251;1692164962;888405;1692164962;906761;
5251;1692164962;937407;1692164962;955860;
5251;1692164962;987324;1692164963;17053;
5251;1692164963;37787;1692164963;60912;
5251;1692164963;87213;1692164963;109259;
5251;1692164963;140961;1692164963;167824;
5251;1692164963;187689;1692164963;212277;
5251;1692164963;237601;1692164963;260016;
5251;1692164963;287108;1692164963;316085;
5250;1692164963;337618;1692164963;361228;
5250;1692164963;387178;1692164963;416758;
5250;1692164963;437571;1692164963;472413;
5250;1692164963;494599;1692164963;552255;
5250;1692164963;569047;1692164963;589031;
5250;1692164963;642115;1692164963;668002;
5250;1692164963;688181;1692164963;722381;
5254;1692164963;738107;1692164963;774571;
5254;1692164963;787858;1692164963;812097;
5254;1692164963;836995;1692164963;873060;
5254;1692164963;887777;1692164963;910609;
5272;1692164963;937663;1692164963;964992;
5272;1692164963;986843;1692164964;9210;
5272;1692164964;39533;1692164964;67728;
5272;1692164964;86969;1692164964;118543;
5272;1692164964;137808;1692164964;167774;
5272;1692164964;186936;1692164964;214387;
5272;1692164964;236799;1692164964;265375;
5272;1692164964;286845;1692164964;318726;
5272;1692164964;339385;1692164964;368565;
5272;1692164964;388552;1692164964;412047;
5272;1692164964;436699;1692164964;477960;
5272;1692164964;497696;1692164964;518247;
5272;1692164964;588783;1692164964;617571;
5272;1692164964;636504;1692164964;668496;
5272;1692164964;688093;1692164964;706855;
5272;1692164964;736660;1692164964;758953;
5272;1692164964;788354;1692164964;825370;
5272;1692164964;837713;1692164964;858444;
5272;1692164964;886677;1692164964;906927;
5272;1692164964;936597;1692164964;961487;
5272;1692164964;986640;1692164965;9219;
5272;1692164965;39160;1692164965;69304;
5272;1692164965;88012;1692164965;109393;
5272;1692164965;136627;1692164965;160799;
5272;1692164965;193908;1692164965;250641;
5272;1692164965;268037;1692164965;306875;
5272;1692164965;361593;1692164965;406137;
5272;1692164965;434063;1692164965;457177;
5272;1692164965;486613;1692164965;518280;
5272;1692164965;536257;1692164965;567976;
5272;1692164965;587166;1692164965;610357;
5272;1692164965;637502;1692164965;656870;
5272;1692164965;686803;1692164965;710506;
5272;1692164965;736561;1692164965;759702;
5272;1692164965;786576;1692164965;822594;
5272;1692164965;843585;1692164965;864256;
5272;1692164965;898652;1692164965;920779;
5272;1692164965;937845;1692164965;963131;
5272;1692164966;12348;1692164966;34880;
5272;1692164966;50720;1692164966;69744;
5272;1692164966;137252;1692164968;578563;
5272;1692164968;597907;1692164968;624530;
11441;1692164968;691826;1692164968;744500;
11436;1692164968;758925;1692164968;815102;
14628;1692164968;838480;1692164968;906546;
15107;1692164968;918683;1692164968;997271;
15124;1692164969;7849;1692164969;71671;
15061;1692164969;89318;1692164969;164701;
15067;1692164969;181222;1692164969;261636;
15058;1692164969;277708;1692164969;345449;
15066;1692164969;358207;1692164969;421589;
15036;1692164969;438106;1692164969;499188;
15098;1692164969;517721;1692164969;585821;
15043;1692164969;597876;1692164969;655772;
15136;1692164969;697545;1692164969;815924;
15042;1692164969;827733;1692164969;904948;
15105;1692164969;917968;1692164969;973908;
15050;1692164969;988942;1692164970;51940;
15126;1692164970;67856;1692164970;131960;
15048;1692164970;148197;1692164970;318683;
38179;1692164970;383038;1692164970;830528;
17142;1692164970;847950;1692164970;930185;
23210;1692164970;982055;1692164971;115613;
24013;1692164971;127866;1692164971;269208;
24158;1692164971;288292;1692164971;398067;
24083;1692164971;407860;1692164971;530716;
24154;1692164971;581179;1692164971;721193;
24183;1692164971;740775;1692164971;844469;
24230;1692164971;884155;1692164972;2607;
24220;1692164972;19757;1692164972;180689;
24109;1692164972;198469;1692164972;302062;
24153;1692164972;382162;1692164972;518216;
24087;1692164972;527899;1692164972;650674;
24165;1692164972;682603;1692164972;799260;
24193;1692164972;821642;1692164972;957594;
24119;1692164972;980385;1692164973;96624;
24153;1692164973;112608;1692164973;214776;
24033;1692164973;286346;1692164973;421397;
24086;1692164973;437970;1692164973;557422;
24047;1692164973;580662;1692164973;699400;
24037;1692164973;722351;1692164973;849593;
24118;1692164973;880880;1692164974;7676;
24119;1692164974;17895;1692164974;215527;
24025;1692164974;242187;1692164974;402940;
27492;1692164974;418190;1692164974;547870;
20106;1692164974;567803;1692164974;663362;
20082;1692164974;679058;1692164974;761144;
27470;1692164974;869845;1692164975;9438;
30092;1692164975;27870;1692164975;160393;
26428;1692164975;177783;1692164975;307324;
27673;1692164975;370468;1692164975;494895;
27643;1692164975;509200;1692164975;668933;
27574;1692164975;688794;1692164975;833897;
27610;1692164975;867380;1692164976;13101;
27532;1692164976;29474;1692164976;166553;
27612;1692164976;184503;1692164976;323947;
27706;1692164976;367128;1692164976;519379;
27718;1692164976;538154;1692164976;678600;
27658;1692164976;698084;1692164976;848568;
27647;1692164976;868102;1692164976;980588;
27572;1692164976;997928;1692164977;138898;
27582;1692164977;171466;1692164977;305463;
27619;1692164977;318660;1692164977;442700;
27633;1692164977;466876;1692164977;614186;
27578;1692164977;627837;1692164977;750956;
27597;1692164977;770298;1692164977;893643;
27608;1692164977;907779;1692164978;31485;
27652;1692164978;72933;1692164978;197669;
27666;1692164978;207963;1692164978;356583;
27454;1692164978;368087;1692164978;563156;
20655;1692164978;689464;1692164978;799648;
17163;1692164978;817965;1692164978;924383;
22658;1692164978;979113;1692164980;556289;
22585;1692164980;568169;1692164980;680667;
24123;1692164980;706313;1692164980;816933;
24255;1692164980;878045;1692164981;29800;
24238;1692164981;48792;1692164981;155503;
24229;1692164981;184993;1692164981;348094;
24258;1692164981;368761;1692164981;460585;
24258;1692164981;479881;1692164981;586464;
24336;1692164981;598093;1692164981;715589;
24157;1692164984;595884;1692164984;729760;
24359;1692164984;747920;1692164984;888354;
15144;1692164984;907894;1692164984;991000;
14620;1692164985;8057;1692164985;77103;
15215;1692164985;87889;1692164985;161045;
15089;1692164985;179257;1692164985;259997;
15111;1692164985;278770;1692164985;361945;
15071;1692164985;378209;1692164985;444674;
15089;1692164985;457923;1692164985;524137;
15111;1692164985;538034;1692164985;620591;
15145;1692164985;638343;1692164985;708261;
15124;1692164985;731262;1692164985;790904;
15131;1692164985;810176;1692164985;882772;
15103;1692164985;898150;1692164985;974810;
15119;1692164985;988134;1692164986;60318;
15123;1692164986;78823;1692164986;144413;
15168;1692164986;159088;1692164986;224396;
15113;1692164986;239377;1692164986;307646;
15141;1692164986;332694;1692164986;410650;
15168;1692164986;428312;1692164986;496062;
15087;1692164986;507963;1692164986;593181;
15101;1692164986;608238;1692164986;672756;
15069;1692164986;688026;1692164986;756378;
15177;1692164986;782183;1692164986;866821;
15112;1692164986;878212;1692164986;947618;
15108;1692164986;958327;1692164987;42147;
15093;1692164987;58167;1692164987;132514;
15104;1692164987;148786;1692164987;279271;
15115;1692164987;301148;1692164987;574513;
15117;1692164987;588120;1692164987;656682;
15140;1692164987;677935;1692164987;749648;
15136;1692164987;772001;1692164987;850643;
15090;1692164987;867984;1692164987;935560;
15107;1692164987;948412;1692164988;18365;
15171;1692164988;37895;1692164988;106264;
15139;1692164988;127868;1692164988;200124;
15182;1692164988;218700;1692164988;294696;
15109;1692164988;311641;1692164988;401217;
15120;1692164988;420924;1692164988;497288;
15101;1692164988;508102;1692164988;593356;
15111;1692164988;609388;1692164988;723242;
15167;1692164988;741860;1692164988;807487;
15180;1692164988;831452;1692164988;932079;
17098;1692164989;72710;1692164989;162320;
17113;1692164989;177886;1692164989;255195;
22490;1692164989;373213;1692164989;469024;
24518;1692164989;488099;1692164989;592141;
23072;1692164992;429005;1692164992;546527;
24030;1692164992;558009;1692164992;703138;
24024;1692164992;718140;1692164992;831924;
23935;1692164992;868242;1692164993;31562;
13934;1692164993;110909;1692164993;202099;
11278;1692164993;218325;1692164993;289773;
13566;1692164993;309133;1692164993;382610;
14503;1692164993;398593;1692164993;501405;
15121;1692164993;518134;1692164993;628392;
14957;1692164993;648298;1692164993;745118;
15085;1692164993;759754;1692164993;828084;
15025;1692164993;838154;1692164993;921150;
15025;1692164993;940637;1692164994;101721;
15109;1692164994;119307;1692164994;197698;
15049;1692164994;217985;1692164994;294338;
15047;1692164994;309221;1692164994;388319;
15030;1692164994;408379;1692164994;486304;
15040;1692164994;498155;1692164994;558047;
15017;1692164994;578148;1692164994;651352;
14973;1692164994;670061;1692164994;735210;
14999;1692164994;759694;1692164994;835515;
15024;1692164994;848352;1692164994;920305;
15037;1692164994;939305;1692164995;5340;
15015;1692164995;18131;1692164995;97034;
15064;1692164995;108285;1692164995;173232;
15001;1692164995;189987;1692164995;251090;
15036;1692164995;271897;1692164995;349210;
15033;1692164995;368308;1692164995;428452;
15094;1692164995;460295;1692164995;525450;
15113;1692164995;543168;1692164995;620855;
15048;1692164995;640880;1692164995;715383;
15033;1692164995;728341;1692164995;789403;
15030;1692164995;808040;1692164995;867754;
15028;1692164995;878173;1692164995;964028;
15036;1692164996;47207;1692164996;256834;
14997;1692164996;269139;1692164996;339491;
15109;1692164996;360600;1692164996;427772;
15037;1692164996;439047;1692164996;506993;
15077;1692164996;529155;1692164996;608369;
15047;1692164996;628073;1692164996;687060;
14997;1692164996;707721;1692164996;785027;
15024;1692164996;800511;1692164996;883925;
15040;1692164996;898388;1692164997;2749;
17120;1692164997;147973;1692164997;246525;
17105;1692164997;258077;1692164997;335546;
22536;1692164997;448201;1692164997;558063;
24483;1692164997;568320;1692164997;696516;
23186;1692164997;747018;1692164997;857252;
24159;1692164997;868091;1692164997;975568;
24105;1692164998;53132;1692164998;195346;
24030;1692164998;208431;1692164998;339504;
23933;1692164998;359723;1692164998;462768;
23992;1692164998;550212;1692164998;934821;
24115;1692164998;948163;1692164999;90667;
24081;1692164999;108389;1692164999;212308;
24024;1692164999;244871;1692164999;373677;
24085;1692164999;388315;1692164999;510308;
24029;1692164999;544653;1692164999;648294;
24045;1692164999;658292;1692164999;768711;
23947;1692165002;380059;1692165002;498059;
23990;1692165002;518656;1692165002;627930;
24038;1692165002;644453;1692165002;761478;
24095;1692165002;780975;1692165002;903085;
24036;1692165002;942768;1692165003;47703;
24026;1692165003;59025;1692165003;181815;
24100;1692165003;247599;1692165005;451870;
24073;1692165005;473096;1692165005;600680;
23966;1692165005;642690;1692165005;760955;
24099;1692165005;780204;1692165005;900975;
24129;1692165005;949208;1692165006;71328;
24001;1692165006;88710;1692165006;218872;
24018;1692165006;249402;1692165006;378439;
24114;1692165006;392766;1692165006;535994;
24037;1692165006;548590;1692165006;709418;
16607;1692165006;735435;1692165006;826068;
13830;1692165006;844446;1692165006;906677;
13632;1692165006;925478;1692165006;992309;
13586;1692165007;8498;1692165007;75893;
14516;1692165007;88502;1692165007;178796;
15072;1692165007;198802;1692165007;265266;
15038;1692165007;278141;1692165007;337421;
15012;1692165007;375972;1692165007;435552;
14992;1692165007;448173;1692165007;533915;
14992;1692165007;550364;1692165007;617140;
15039;1692165007;629248;1692165007;715308;
15071;1692165007;728366;1692165007;814461;
15028;1692165007;840461;1692165007;908248;
14982;1692165007;925536;1692165008;969;
15056;1692165008;18132;1692165008;96728;
15014;1692165008;108884;1692165008;167857;
15095;1692165008;192417;1692165008;251997;
15034;1692165008;276855;1692165008;343881;
14997;1692165008;368227;1692165008;459765;
15058;1692165008;481572;1692165008;569559;
15053;1692165008;590764;1692165008;695665;
15045;1692165008;708314;1692165008;765762;
15061;1692165008;780468;1692165008;849972;
15002;1692165008;877541;1692165008;947824;
15014;1692165008;958428;1692165009;45434;
15020;1692165009;58523;1692165009;128634;
15002;1692165009;148371;1692165009;334770;
15061;1692165009;358416;1692165009;444622;
14970;1692165009;458095;1692165009;563236;
15079;1692165009;578784;1692165009;644978;
14985;1692165009;660006;1692165009;746906;
15060;1692165009;760315;1692165009;830142;
15070;1692165009;855491;1692165009;935662;
15000;1692165009;948489;1692165010;71448;
15043;1692165010;88179;1692165010;181868;
14983;1692165010;200900;1692165010;287481;
15044;1692165010;298842;1692165010;382637;
15006;1692165010;398279;1692165010;475159;
15018;1692165010;490260;1692165010;576987;
15074;1692165010;591071;1692165010;681354;
14984;1692165010;698202;1692165010;769928;
14985;1692165010;788407;1692165010;866489;
15084;1692165010;878224;1692165010;954163;
15106;1692165010;983432;1692165011;59014;
15057;1692165011;83985;1692165011;157062;
15027;1692165011;168372;1692165011;237538;
15044;1692165011;248277;1692165011;330625;
15027;1692165011;349538;1692165011;442554;
15000;1692165011;460703;1692165011;526648;
15029;1692165011;538428;1692165011;612098;
15056;1692165011;628688;1692165011;695268;
14971;1692165011;725313;1692165011;793370;
15024;1692165011;816067;1692165011;886367;
15016;1692165011;901033;1692165011;963107;
15031;1692165011;978237;1692165012;37196;
14937;1692165012;78636;1692165012;141332;
15004;1692165012;158523;1692165012;272438;
15023;1692165012;293878;1692165012;360741;
15003;1692165012;383255;1692165012;456046;
14974;1692165012;468357;1692165012;549770;
15047;1692165012;571128;1692165012;634950;
15063;1692165012;662410;1692165012;723330;
14984;1692165012;738340;1692165012;811554;
15028;1692165012;828471;1692165012;906200;
15052;1692165012;918245;1692165012;992608;
15018;1692165013;9222;1692165013;81111;
15033;1692165013;99171;1692165013;187604;
15019;1692165013;198427;1692165013;286853;
14978;1692165013;298494;1692165013;368121;
15064;1692165013;388288;1692165013;451331;
15042;1692165013;472936;1692165013;537827;
15059;1692165013;548340;1692165013;707797;
15022;1692165013;728853;1692165013;857358;
15027;1692165013;868519;1692165013;940054;
15005;1692165013;961451;1692165014;53488;
15047;1692165014;68353;1692165014;158513;
15102;1692165014;169195;1692165014;242111;
15037;1692165014;258144;1692165014;327810;
15029;1692165014;351670;1692165014;449929;
15014;1692165014;468174;1692165014;601871;
15083;1692165014;627664;1692165014;731193;
25113;1692165014;855939;1692165015;13699;
27887;1692165015;28391;1692165015;183862;
30357;1692165015;198355;1692165015;373996;
26627;1692165015;388848;1692165015;515670;
28005;1692165015;553649;1692165015;720256;
27834;1692165015;742416;1692165015;929106;
27807;1692165015;948439;1692165016;100313;
27835;1692165016;128106;1692165016;266534;
27826;1692165016;282485;1692165016;416905;
27789;1692165016;455424;1692165016;609918;
27805;1692165016;628330;1692165016;772299;
27791;1692165016;789146;1692165016;939679;
27798;1692165016;958524;1692165017;106910;
27801;1692165017;118610;1692165017;252125;
27712;1692165017;268511;1692165017;439586;
27758;1692165017;459295;1692165017;604846;
27816;1692165017;621121;1692165017;762361;
27628;1692165017;778278;1692165017;921938;
27914;1692165017;951981;1692165021;43397;
27760;1692165021;58773;1692165021;386543;
27899;1692165021;400488;1692165021;571952;
27851;1692165021;588879;1692165021;762021;
27820;1692165021;779394;1692165021;926825;
27795;1692165021;950340;1692165022;118146;
27722;1692165022;128753;1692165022;256886;
27987;1692165022;269446;1692165022;413317;
27771;1692165022;450034;1692165022;689007;
27694;1692165022;708569;1692165022;863284;
27857;1692165022;879123;1692165023;17800;
27944;1692165023;49341;1692165023;232935;
27810;1692165023;248863;1692165023;402760;
27872;1692165023;421759;1692165023;577019;
27780;1692165023;588421;1692165023;732095;
27599;1692165023;749021;1692165023;895415;
27853;1692165023;908445;1692165024;73193;
27877;1692165024;88479;1692165024;263632;
27861;1692165024;280552;1692165024;408534;
27762;1692165024;448824;1692165024;616127;
27783;1692165024;630596;1692165024;774355;
27797;1692165024;789528;1692165024;932183;
27900;1692165024;948744;1692165025;95686;
27856;1692165025;108981;1692165025;314277;
25211;1692165025;328304;1692165025;458933;
17131;1692165025;482561;1692165025;566286;
22398;1692165025;664080;1692165025;801637;
24413;1692165025;818595;1692165025;937902;
23004;1692165025;959903;1692165026;84960;
23860;1692165026;104144;1692165026;212023;
23893;1692165026;259744;1692165026;378889;
23819;1692165026;408903;1692165026;539251;
23936;1692165026;562484;1692165026;680008;
23842;1692165026;698866;1692165026;826101;
23723;1692165026;866181;1692165027;46619;
23758;1692165027;59727;1692165027;223848;
23830;1692165027;238582;1692165027;376365;
23695;1692165027;388463;1692165027;527870;
23861;1692165027;562521;1692165027;771605;
23785;1692165027;788495;1692165027;959151;
23775;1692165027;978627;1692165028;131723;
23831;1692165028;159929;1692165028;297101;
23790;1692165028;308462;1692165028;471234;
23802;1692165028;491830;1692165028;643314;
23802;1692165028;678503;1692165028;808263;
23783;1692165028;819391;1692165028;952242;
23863;1692165028;973287;1692165029;82108;
23773;1692165029;162136;1692165029;329356;
23691;1692165029;349092;1692165029;469256;
23779;1692165029;497522;1692165029;633674;
23749;1692165029;657879;1692165029;762589;
23849;1692165029;781135;1692165029;929432;
23807;1692165029;958758;1692165030;98073;
23828;1692165030;110362;1692165030;226377;
23807;1692165030;260977;1692165030;391932;
23802;1692165030;417364;1692165030;544927;
23766;1692165030;563851;1692165030;686875;
23870;1692165030;703250;1692165030;833435;
23851;1692165030;857155;1692165030;992372;
23765;1692165031;10651;1692165031;141109;
23760;1692165031;158667;1692165031;430820;
23862;1692165031;462773;1692165031;605213;
23860;1692165031;629831;1692165031;770715;
23849;1692165031;792571;1692165031;913664;
23825;1692165031;967214;1692165032;94913;
23793;1692165032;113029;1692165032;221381;
23843;1692165032;260046;1692165032;429919;
23725;1692165032;459016;1692165032;631065;
23825;1692165032;648799;1692165032;831467;
23839;1692165032;853094;1692165032;982898;
23867;1692165032;998780;1692165033;108134;
23769;1692165033;156210;1692165033;299191;
23730;1692165033;318728;1692165033;500846;
111489;1692165033;544151;1692165034;141401;
24874;1692165034;158917;1692165034;273476;
26686;1692165034;354370;1692165034;505888;
27742;1692165034;518701;1692165034;658374;
27932;1692165034;668712;1692165034;789631;
27748;1692165034;846307;1692165034;997799;
27893;1692165035;9341;1692165035;213741;
27803;1692165035;230718;1692165035;403466;
27833;1692165035;418857;1692165035;590463;
27673;1692165035;609676;1692165035;845281;
27806;1692165035;858709;1692165035;997544;
27799;1692165036;43434;1692165036;171298;
27955;1692165036;188761;1692165036;375883;
27779;1692165036;389896;1692165036;524595;
27673;1692165036;542645;1692165036;691735;
27716;1692165036;709315;1692165036;868026;
27866;1692165036;878861;1692165037;24237;
27857;1692165037;54851;1692165037;286021;
27697;1692165037;298723;1692165037;444357;
27837;1692165037;461399;1692165037;643717;
55084;1692165037;659272;1692165037;951694;
17248;1692165037;975496;1692165038;65988;
24570;1692165038;157336;1692165038;407708;
25056;1692165038;418608;1692165038;571028;
23981;1692165038;592087;1692165038;721986;
24036;1692165038;753611;1692165038;889997;
24035;1692165038;909282;1692165039;48188;
24011;1692165039;68607;1692165039;176879;
24006;1692165039;254636;1692165039;443880;
24008;1692165039;458908;1692165039;587441;
23981;1692165039;654344;1692165039;791777;
24017;1692165039;810554;1692165039;940537;
24082;1692165039;958776;1692165040;128684;
24003;1692165040;148732;1692165040;279736;
23924;1692165040;301661;1692165040;448807;
24019;1692165040;468920;1692165040;613018;
23927;1692165040;658820;1692165040;834923;
24029;1692165040;850085;1692165040;977898;
24003;1692165040;998571;1692165041;162904;
24071;1692165041;180965;1692165041;346643;
24001;1692165041;362030;1692165041;492550;
23994;1692165041;562077;1692165044;427605;
23943;1692165044;439072;1692165044;594003;
11278;1692165044;608968;1692165044;662510;
15104;1692165044;692325;1692165044;778374;
15082;1692165044;789180;1692165044;870087;
15043;1692165044;888683;1692165044;970740;
15062;1692165044;990372;1692165045;82268;
14979;1692165045;101387;1692165045;189222;
15043;1692165045;210529;1692165045;283726;
15052;1692165045;298570;1692165045;375022;
15014;1692165045;392879;1692165045;493497;
15088;1692165045;513986;1692165045;591084;
15032;1692165045;613432;1692165045;745015;
15049;1692165045;761783;1692165045;863775;
15043;1692165045;892704;1692165045;987550;
15063;1692165046;10180;1692165046;96329;
15025;1692165046;109186;1692165046;195367;
15080;1692165046;208847;1692165046;314649;
15059;1692165046;334916;1692165046;414694;
15005;1692165046;433891;1692165046;539366;
15009;1692165046;563160;1692165046;662109;
15054;1692165046;679523;1692165046;781601;
15086;1692165046;801735;1692165046;874178;
15019;1692165046;892010;1692165046;994891;
15029;1692165047;8713;1692165047;105102;
15072;1692165047;129601;1692165047;345214;
15022;1692165047;358702;1692165047;421504;
15102;1692165047;443686;1692165047;523780;
15061;1692165047;538839;1692165047;620410;
15051;1692165047;639736;1692165047;712051;
15006;1692165047;730603;1692165047;803750;
15094;1692165047;822540;1692165047;896493;
15069;1692165047;908822;1692165047;991415;
15040;1692165048;15420;1692165048;78580;
15081;1692165048;100845;1692165048;180214;
15102;1692165048;199019;1692165048;270755;
15061;1692165048;289049;1692165048;372434;
15064;1692165048;388734;1692165048;490719;
15041;1692165048;511573;1692165048;582055;
15097;1692165048;598680;1692165048;669332;
15048;1692165048;694592;1692165048;770685;
15077;1692165048;790293;1692165048;924344;
15059;1692165048;975904;1692165049;144612;
15056;1692165049;160491;1692165049;241775;
15039;1692165049;270352;1692165049;463800;
15076;1692165049;478685;1692165049;544147;
15066;1692165049;559166;1692165049;641744;
15042;1692165049;663847;1692165049;739732;
15106;1692165049;761411;1692165049;827370;
15107;1692165049;842615;1692165049;912921;
15082;1692165049;936217;1692165050;9697;
15084;1692165050;46812;1692165050;170564;
15045;1692165050;192301;1692165050;276040;
15062;1692165050;299066;1692165050;396378;
15042;1692165050;408928;1692165050;483766;
15014;1692165050;498788;1692165050;556588;
15068;1692165050;591615;1692165050;713757;
15037;1692165050;740522;1692165050;824932;
15034;1692165050;839336;1692165050;917231;
15030;1692165050;928699;1692165051;16975;
15079;1692165051;35411;1692165051;125627;
15080;1692165051;153091;1692165051;222295;
15041;1692165051;238885;1692165051;307942;
14997;1692165051;329924;1692165051;408534;
15026;1692165051;426730;1692165051;517674;
15016;1692165051;541222;1692165051;634639;
15102;1692165051;649796;1692165051;708595;
15030;1692165051;741791;1692165051;831644;
15041;1692165051;848835;1692165051;969515;
15020;1692165051;989751;1692165052;63700;
14976;1692165052;78830;1692165052;142115;
14986;1692165052;159597;1692165052;239085;
15012;1692165052;261383;1692165052;338477;
15094;1692165052;349093;1692165052;427773;
15018;1692165052;448953;1692165052;529515;
15031;1692165052;548885;1692165052;640281;
15071;1692165052;658757;1692165052;740708;
15019;1692165052;761258;1692165052;834502;
15107;1692165052;849099;1692165052;938279;
15028;1692165052;948702;1692165053;29527;
15082;1692165053;49492;1692165053;125040;
15023;1692165053;139841;1692165053;208999;
15010;1692165053;232615;1692165053;361710;
15107;1692165053;415577;1692165053;508632;
15063;1692165053;528817;1692165053;625450;
15009;1692165053;650493;1692165053;725175;
15054;1692165053;739206;1692165053;830437;
15013;1692165053;849129;1692165053;918091;
15034;1692165053;939677;1692165054;29585;
15125;1692165054;50160;1692165054;135647;
15061;1692165054;155198;1692165054;248240;
15059;1692165054;258797;1692165054;328367;
15062;1692165054;369890;1692165054;483164;
15085;1692165054;498867;1692165054;592490;
15111;1692165054;619858;1692165054;707632;
15029;1692165054;721277;1692165054;799673;
15081;1692165054;818775;1692165054;914505;
15088;1692165054;931576;1692165055;23446;
15056;1692165055;39006;1692165055;130574;
14975;1692165055;151676;1692165055;240013;
15063;1692165055;262781;1692165055;337016;
15080;1692165055;364437;1692165055;517965;
15040;1692165055;546436;1692165055;656863;
15097;1692165055;737918;1692165055;824797;
15092;1692165055;839690;1692165055;924782;
15032;1692165055;940510;1692165056;41519;
15038;1692165056;59979;1692165056;148613;
15001;1692165056;170870;1692165056;238221;
15129;1692165056;248916;1692165056;327857;
15088;1692165056;338736;1692165056;408947;
14990;1692165056;437903;1692165056;496708;
15071;1692165056;510204;1692165056;596145;
15086;1692165056;616911;1692165056;698868;
15070;1692165056;719212;1692165056;810334;
15060;1692165056;830059;1692165056;901772;
15000;1692165056;920057;1692165056;996260;
15112;1692165057;8835;1692165057;108528;
15009;1692165057;123103;1692165057;202236;
15035;1692165057;218880;1692165057;286584;
15028;1692165057;299554;1692165057;376417;
15064;1692165057;390842;1692165057;479144;
15101;1692165057;501099;1692165057;571421;
15053;1692165057;589096;1692165057;709368;
15063;1692165057;741174;1692165057;826627;
15067;1692165057;841279;1692165057;951257;
6875;1692165057;971644;1692165057;994375;
20134;1692165061;14197;1692165061;122856;
20148;1692165061;140351;1692165061;243670;
27623;1692165061;274173;1692165061;419213;
27721;1692165061;439066;1692165061;573838;
27710;1692165061;596182;1692165061;735128;
27617;1692165061;767340;1692165061;897499;
27653;1692165061;909200;1692165062;129119;
10146;1692165062;149726;1692165062;208173;
7450;1692165062;228963;1692165062;303440;
8659;1692165062;320569;1692165062;359615;
9487;1692165062;402046;1692165062;447315;
10105;1692165062;467861;1692165062;508539;
10034;1692165062;561864;1692165062;601632;
10063;1692165062;618893;1692165062;667378;
10053;1692165062;708061;1692165062;782039;
10101;1692165062;801111;1692165062;848890;
10106;1692165062;870745;1692165062;912329;
10051;1692165062;952099;1692165062;999868;
10082;1692165063;19747;1692165063;74895;
10090;1692165063;101535;1692165063;176078;
10088;1692165063;188794;1692165063;229831;
10045;1692165063;251328;1692165063;301551;
10046;1692165063;319050;1692165063;362253;
10102;1692165063;403068;1692165063;447601;
10050;1692165063;472461;1692165063;520503;
10043;1692165063;556217;1692165063;619531;
10043;1692165063;639051;1692165063;685903;
10069;1692165063;701043;1692165063;755254;
10029;1692165063;768963;1692165063;819337;
10039;1692165063;851133;1692165063;901885;
10070;1692165063;918977;1692165063;974024;
10071;1692165064;1079;1692165064;67650;
10095;1692165064;78843;1692165064;133970;
10063;1692165064;150948;1692165064;202902;
10052;1692165064;228025;1692165064;282025;
10068;1692165064;310741;1692165064;351407;
10074;1692165064;369141;1692165064;418220;
10073;1692165064;454363;1692165064;526017;
10036;1692165064;538945;1692165064;588319;
10071;1692165064;612350;1692165064;655694;
10074;1692165064;681542;1692165064;746336;
10078;1692165064;771626;1692165064;828539;
10067;1692165064;850746;1692165064;904687;
10042;1692165064;918997;1692165064;968644;
10055;1692165065;667;1692165065;64699;
10037;1692165065;78861;1692165065;124347;
10061;1692165065;150485;1692165065;197781;
10081;1692165065;213270;1692165065;257611;
10080;1692165065;300524;1692165065;344578;
10104;1692165065;358917;1692165065;397102;
10042;1692165065;452271;1692165065;522582;
10068;1692165065;540469;1692165065;584334;
10085;1692165065;600432;1692165065;660476;
10065;1692165065;679303;1692165065;734378;
10056;1692165065;753941;1692165065;807132;
10030;1692165065;818774;1692165065;866241;
10048;1692165065;901264;1692165065;953915;
10040;1692165065;970334;1692165066;72917;
11439;1692165066;154842;1692165066;270795;
11428;1692165066;298723;1692165066;360882;
15161;1692165066;420236;1692165066;513304;
15078;1692165066;529027;1692165066;614795;
15170;1692165066;629774;1692165066;723483;
15050;1692165066;739065;1692165066;809932;
15091;1692165066;829116;1692165066;904749;
15120;1692165066;920456;1692165066;995425;
15090;1692165067;9051;1692165067;95119;
15076;1692165067;109962;1692165067;211079;
15089;1692165067;249296;1692165067;313600;
15127;1692165067;333237;1692165067;425043;
15112;1692165067;441328;1692165067;550702;
15155;1692165067;568999;1692165067;638078;
15086;1692165067;659216;1692165067;803238;
15068;1692165067;819388;1692165067;895447;
15088;1692165067;909095;1692165068;15361;
15095;1692165068;29375;1692165068;116280;
15118;1692165068;131580;1692165068;232084;
15092;1692165068;250422;1692165068;322051;
15131;1692165068;338836;1692165068;408087;
15103;1692165068;419429;1692165068;514613;
15133;1692165068;529124;1692165068;607226;
15090;1692165068;628992;1692165068;703457;
15137;1692165068;719169;1692165068;780470;
15102;1692165068;799634;1692165068;879234;
15089;1692165068;902238;1692165068;970491;
15067;1692165068;989075;1692165069;80796;
15144;1692165069;99251;1692165069;199898;
15120;1692165069;219821;1692165069;281191;
15087;1692165069;300780;1692165069;395126;
15148;1692165069;410224;1692165069;494055;
15083;1692165069;508883;1692165069;584142;
15122;1692165069;599258;1692165069;684633;
15089;1692165069;699172;1692165069;783435;
15084;1692165069;801233;1692165069;877714;
15122;1692165069;890258;1692165069;978146;
15090;1692165069;990731;1692165070;90478;
26596;1692165070;138104;1692165070;268926;
17191;1692165070;292938;1692165070;379436;
22429;1692165070;437517;1692165072;726216;
22459;1692165072;739335;1692165072;865689;
23950;1692165072;937572;1692165073;88911;
23718;1692165073;117809;1692165073;244962;
23854;1692165073;261914;1692165073;405775;
23793;1692165073;434621;1692165073;644526;
23785;1692165073;659222;1692165073;803364;
23832;1692165073;834245;1692165073;950615;
23856;1692165073;971320;1692165074;105255;
23847;1692165074;135822;1692165074;277921;
7493;1692165074;371462;1692165074;434865;
7493;1692165074;449081;1692165074;488479;
9545;1692165074;520750;1692165074;577094;
10148;1692165074;595834;1692165074;632816;
10088;1692165074;669599;1692165074;712449;
10119;1692165074;730071;1692165074;776464;
10120;1692165074;819723;1692165074;875474;
10123;1692165074;890375;1692165074;930774;
10128;1692165074;970203;1692165075;11911;
10104;1692165075;28951;1692165075;79424;
10138;1692165075;119762;1692165075;165482;
10134;1692165075;179413;1692165075;272149;
10106;1692165075;293597;1692165075;376278;
10113;1692165075;390167;1692165075;435108;
10123;1692165075;469455;1692165075;504189;
10096;1692165075;521325;1692165075;577233;
10070;1692165075;594063;1692165075;631432;
10153;1692165075;671549;1692165075;749224;
10098;1692165075;776286;1692165075;851434;
10109;1692165075;889722;1692165075;928769;
10079;1692165075;940891;1692165075;982562;
10056;1692165076;19236;1692165076;76917;
10119;1692165076;90513;1692165076;136811;
10135;1692165076;169408;1692165076;209744;
10063;1692165076;231718;1692165076;282245;
10113;1692165076;319021;1692165076;359917;
10157;1692165076;379642;1692165076;420481;
10110;1692165076;472388;1692165076;542853;
10092;1692165076;561327;1692165076;619414;
10144;1692165076;641756;1692165076;702591;
10084;1692165076;720732;1692165076;763027;
10105;1692165076;786150;1692165076;833354;
10096;1692165076;868897;1692165076;915616;
10085;1692165076;929028;1692165076;966347;
10104;1692165077;24601;1692165077;132897;
10136;1692165077;154099;1692165077;219180;
10109;1692165077;241492;1692165077;309815;
10121;1692165077;329533;1692165077;366016;
10109;1692165079;988068;1692165080;27187;
10076;1692165080;39374;1692165080;121977;
43772;1692165080;168356;1692165080;400601;
11325;1692165080;419164;1692165080;472512;
15089;1692165080;491060;1692165080;562454;
15073;1692165080;579228;1692165080;661300;
15068;1692165080;680123;1692165080;768241;
15096;1692165080;783789;1692165080;900862;
15038;1692165080;919626;1692165081;56572;
15143;1692165081;71479;1692165081;150922;
15141;1692165081;168992;1692165081;275614;
15086;1692165081;292080;1692165081;371608;
15045;1692165081;394610;1692165081;495965;
15201;1692165081;509126;1692165081;590811;
15085;1692165081;626694;1692165081;714250;
15101;1692165081;729127;1692165081;804948;
15063;1692165081;823831;1692165081;897920;
15087;1692165081;909454;1692165081;991828;
15122;1692165082;9354;1692165082;84688;
15094;1692165082;99089;1692165082;169822;
15134;1692165082;189111;1692165082;293914;
15073;1692165082;315591;1692165082;400682;
15088;1692165082;457223;1692165082;534655;
15155;1692165082;549157;1692165082;631705;
15155;1692165082;654458;1692165082;732801;
15082;1692165082;750237;1692165082;813173;
15123;1692165082;829885;1692165082;931894;
15123;1692165082;949329;1692165083;40053;
15117;1692165083;59277;1692165083;146941;
15085;1692165083;159042;1692165083;228988;
15102;1692165083;249938;1692165083;347810;
15095;1692165083;359330;1692165083;504279;
15169;1692165083;520702;1692165083;593920;
15135;1692165083;612287;1692165083;690741;
15140;1692165083;709168;1692165083;776983;
15081;1692165083;789364;1692165083;895047;
15128;1692165083;909711;1692165083;972661;
15113;1692165083;989066;1692165084;50051;
15142;1692165084;77365;1692165084;208058;
22576;1692165084;415548;1692165084;548027;
22661;1692165084;559279;1692165084;691187;
25051;1692165084;711051;1692165084;844895;
23243;1692165084;859177;1692165084;999854;
24171;1692165085;19261;1692165085;146870;
24134;1692165087;621886;1692165087;755088;
24096;1692165087;769184;1692165087;889692;
24100;1692165087;909135;1692165088;28148;
24217;1692165088;39288;1692165088;155433;
24048;1692165088;209207;1692165088;347765;
13722;1692165088;451200;1692165088;569145;
11281;1692165088;592434;1692165088;653261;
13588;1692165088;669273;1692165088;749057;
14510;1692165088;769678;1692165088;848082;
15106;1692165088;859465;1692165088;945146;
15118;1692165088;959831;1692165089;49340;
15063;1692165089;72992;1692165089;156510;
15060;1692165089;169419;1692165089;263139;
15040;1692165089;282074;1692165089;412037;
15019;1692165089;430261;1692165089;510931;
15061;1692165089;530610;1692165089;610991;
15098;1692165089;641990;1692165089;719833;
15040;1692165089;742976;1692165089;902515;
15050;1692165089;919570;1692165090;22939;
15014;1692165090;48590;1692165090;122845;
15062;1692165090;139294;1692165090;225884;
15095;1692165090;242538;1692165090;326045;
15078;1692165090;339048;1692165090;417046;
15070;1692165090;441425;1692165090;535558;
15078;1692165090;549778;1692165090;628624;
15062;1692165090;650202;1692165090;730563;
15069;1692165090;753501;1692165090;872627;
15069;1692165090;891298;1692165090;964019;
15080;1692165090;981847;1692165091;77312;
15078;1692165091;99635;1692165091;190108;
15038;1692165091;209956;1692165091;307613;
15111;1692165091;319235;1692165091;389078;
15068;1692165091;409432;1692165091;471191;
15045;1692165091;501333;1692165091;576637;
15023;1692165091;590067;1692165091;658960;
15071;1692165091;681467;1692165091;760556;
15117;1692165091;779445;1692165091;852273;
15066;1692165091;870458;1692165091;934528;
15077;1692165091;951085;1692165092;27269;
15084;1692165092;40713;1692165092;112524;
15099;1692165092;129339;1692165092;213629;
15112;1692165092;230069;1692165092;344520;
49432;1692165092;452112;1692165092;835591;
17202;1692165092;849604;1692165092;993710;
24531;1692165093;9117;1692165093;127941;
23237;1692165093;150063;1692165093;314119;
24172;1692165093;336087;1692165093;474235;
24154;1692165093;489532;1692165093;615535;
24097;1692165093;649358;1692165093;768826;
24047;1692165093;794354;1692165093;955001;
24104;1692165093;969857;1692165094;118214;
24010;1692165094;149357;1692165094;286885;
24054;1692165094;300587;1692165094;426808;
24090;1692165094;449199;1692165094;612592;
24131;1692165094;631071;1692165094;740584;
24040;1692165094;759451;1692165094;876203;
24042;1692165094;950221;1692165095;76431;
24040;1692165095;89479;1692165095;206244;
24113;1692165095;256596;1692165095;387033;
24071;1692165095;399291;1692165095;553250;
24029;1692165095;569714;1692165095;679498;
23962;1692165095;749574;1692165095;883829;
24155;1692165095;899632;1692165096;23092;
24041;1692165096;48629;1692165096;180960;
24144;1692165096;199548;1692165096;332478;
24069;1692165096;358968;1692165096;480328;
24024;1692165096;501694;1692165096;609026;
24079;1692165096;649250;1692165096;746749;
24056;1692165096;761748;1692165096;877434;
24048;1692165096;951094;1692165097;343545;
24096;1692165097;359515;1692165097;532608;
24062;1692165097;549299;1692165097;695543;
24052;1692165097;709373;1692165097;812664;
24068;1692165097;850687;1692165098;828;
23997;1692165098;19568;1692165098;120010;
23981;1692165098;150276;1692165098;289586;
24008;1692165098;310570;1692165098;458906;
23997;1692165098;504303;1692165098;635390;
24076;1692165098;650525;1692165098;772843;
24048;1692165098;882759;1692165099;93938;
24069;1692165099;109560;1692165099;216231;
24029;1692165099;249410;1692165099;373461;
24148;1692165099;389894;1692165099;507777;
24078;1692165099;546834;1692165099;653742;
23992;1692165099;680742;1692165099;802014;
24079;1692165099;846439;1692165099;962700;
24072;1692165099;979334;1692165100;102553;
24076;1692165100;145931;1692165100;262542;
24014;1692165100;279684;1692165100;383929;
24068;1692165100;449287;1692165100;607116;
23997;1692165100;623289;1692165100;792553;
23953;1692165100;809532;1692165100;960111;
24037;1692165100;979481;1692165101;105736;
23931;1692165101;145463;1692165101;272829;
24045;1692165101;289338;1692165101;401250;
23983;1692165101;445317;1692165101;570649;
23998;1692165101;589439;1692165101;697857;
24047;1692165101;745169;1692165101;873985;
24061;1692165101;889475;1692165102;37365;
24121;1692165102;49416;1692165102;171588;
24028;1692165102;248462;1692165102;399172;
23932;1692165102;422937;1692165102;584420;
24055;1692165102;602339;1692165102;777267;
24007;1692165102;799302;1692165102;934047;
23999;1692165102;950493;1692165103;62700;
23969;1692165103;145668;1692165103;330983;
24045;1692165103;349976;1692165103;483879;
23949;1692165103;502090;1692165103;615968;
23978;1692165103;644000;1692165103;761002;
24009;1692165103;780313;1692165103;907568;
24048;1692165103;943724;1692165104;53584;
23883;1692165104;70054;1692165104;192542;
23945;1692165104;244432;1692165104;361895;
24046;1692165104;379684;1692165104;502600;
24059;1692165104;544137;1692165104;650767;
24013;1692165104;669620;1692165104;873201;
23933;1692165104;889682;1692165105;13479;
23925;1692165105;45548;1692165105;179895;
24008;1692165105;199631;1692165105;331083;
23989;1692165105;355512;1692165105;476526;
24014;1692165105;489463;1692165105;601770;
24015;1692165105;652114;1692165105;803363;
23962;1692165105;819439;1692165105;944831;
24047;1692165105;959475;1692165106;91058;
23858;1692165106;148630;1692165106;278984;
23990;1692165106;299393;1692165106;440658;
24023;1692165106;459505;1692165106;583645;
24004;1692165106;644006;1692165106;812851;
23983;1692165106;832085;1692165106;958176;
23964;1692165106;979547;1692165107;165030;
23926;1692165107;179572;1692165107;300684;
24059;1692165107;342024;1692165107;499432;
24031;1692165107;528114;1692165107;723896;
23965;1692165107;740237;1692165107;884788;
23953;1692165107;900017;1692165108;43244;
23941;1692165108;61458;1692165108;189381;
23994;1692165110;842170;1692165111;19860;
23983;1692165111;39594;1692165111;164923;
23964;1692165111;179486;1692165111;327856;
24046;1692165111;339853;1692165111;451285;
24010;1692165111;469698;1692165111;578000;
24035;1692165111;643058;1692165111;830045;
24170;1692165111;887670;1692165112;42525;
24043;1692165112;59543;1692165112;171896;
23914;1692165114;441387;1692165114;563371;
24029;1692165114;579962;1692165114;701906;
24096;1692165114;741294;1692165114;891068;
23991;1692165114;910984;1692165115;39126;
24063;1692165115;59755;1692165115;223465;
14831;1692165115;247331;1692165115;311014;
11325;1692165115;332293;1692165115;395357;
14540;1692165115;422423;1692165115;495366;
15224;1692165115;512986;1692165115;572297;
15132;1692165115;589597;1692165115;659906;
15167;1692165115;679672;1692165115;767217;
15178;1692165115;780465;1692165115;862900;
15077;1692165115;879838;1692165115;996187;
15110;1692165116;14525;1692165116;91581;
15138;1692165116;109624;1692165116;178246;
15116;1692165116;203458;1692165116;354343;
15099;1692165116;370256;1692165116;444783;
15133;1692165116;460179;1692165116;542541;
15147;1692165116;559629;1692165116;657208;
15166;1692165116;671325;1692165116;744788;
15080;1692165116;767738;1692165116;847436;
15094;1692165116;863325;1692165116;931659;
15116;1692165116;949528;1692165117;27576;
15149;1692165117;42231;1692165117;150109;
15197;1692165117;169634;1692165117;232539;
15153;1692165117;252686;1692165117;321842;
15152;1692165117;339736;1692165117;414253;
15149;1692165117;429508;1692165117;528077;
15166;1692165117;541715;1692165117;651857;
15101;1692165117;669703;1692165117;789355;
15150;1692165117;809517;1692165117;896201;
15190;1692165117;915152;1692165118;8514;
15137;1692165118;19932;1692165118;94271;
15151;1692165118;115148;1692165118;186075;
15109;1692165118;202956;1692165118;284705;
15081;1692165118;301071;1692165118;381059;
15115;1692165118;399425;1692165118;502939;
15156;1692165118;521586;1692165118;594043;
15158;1692165118;609634;1692165118;697181;
15124;1692165118;712405;1692165118;847898;
15176;1692165118;873577;1692165118;948540;
15120;1692165118;974696;1692165119;42137;
15174;1692165119;59781;1692165119;136707;
15113;1692165119;150437;1692165119;285901;
138053;1692165119;368753;1692165120;152303;
17111;1692165120;169755;1692165120;244185;
23872;1692165120;266800;1692165120;383737;
23838;1692165120;399625;1692165120;515478;
23881;1692165120;576824;1692165120;771910;
23788;1692165120;789605;1692165120;957492;
23842;1692165120;969746;1692165121;83738;
23813;1692165121;168801;1692165121;305190;
23830;1692165121;319754;1692165121;437850;
23785;1692165121;466097;1692165121;601926;
23821;1692165121;619832;1692165121;747865;
23817;1692165121;772944;1692165121;906791;
23793;1692165121;921969;1692165122;67999;
23872;1692165122;79672;1692165122;194264;
23837;1692165122;267028;1692165122;457280;
23776;1692165122;479040;1692165122;611825;
23806;1692165122;673893;1692165122;801387;
23831;1692165122;823353;1692165122;942827;
23828;1692165122;968549;1692165123;96823;
23801;1692165123;113172;1692165123;223132;
23791;1692165123;265062;1692165123;424601;
23844;1692165123;442365;1692165123;573793;
23649;1692165123;591293;1692165123;715010;
23725;1692165123;766587;1692165123;920664;
23812;1692165123;940689;1692165124;82199;
23815;1692165124;100212;1692165124;247654;
23771;1692165124;265329;1692165124;390253;
23891;1692165124;410444;1692165124;531803;
23721;1692165124;569113;1692165124;681241;
23819;1692165124;700677;1692165124;841669;
23775;1692165124;869704;1692165124;992431;
23729;1692165125;45664;1692165125;183880;
23796;1692165125;199742;1692165125;369565;
23789;1692165125;393217;1692165125;525627;
23772;1692165125;564126;1692165125;675310;
23646;1692165125;705039;1692165125;825936;
23823;1692165125;863651;1692165126;21;
23832;1692165126;21837;1692165126;164902;
23776;1692165126;179736;1692165126;300509;
23729;1692165126;367214;1692165126;493453;
23781;1692165126;509681;1692165126;638294;
23713;1692165126;665549;1692165126;795041;
23734;1692165126;809938;1692165126;954625;
23738;1692165126;970300;1692165127;118136;
23757;1692165127;167492;1692165127;415321;
23838;1692165127;447979;1692165127;599696;
23731;1692165127;620024;1692165127;764679;
23800;1692165127;779660;1692165127;931220;
23772;1692165127;963102;1692165128;120245;
23764;1692165128;140983;1692165128;265519;
23715;1692165128;279715;1692165128;395976;
23596;1692165131;311526;1692165131;431309;
23759;1692165131;449791;1692165131;588563;
23667;1692165131;602556;1692165131;734054;
23730;1692165131;760388;1692165131;870622;
23727;1692165131;897833;1692165132;37387;
23755;1692165132;60327;1692165132;181633;
23766;1692165132;199927;1692165132;318076;
23836;1692165132;360254;1692165132;470634;
23761;1692165132;491999;1692165132;650751;
23746;1692165132;669774;1692165132;794668;
23837;1692165132;862994;1692165132;967425;
23772;1692165132;979732;1692165133;95976;
23810;1692165133;163443;1692165133;280761;
23716;1692165133;299849;1692165133;404751;
23805;1692165133;462530;1692165133;590568;
23719;1692165133;609920;1692165133;736167;
23758;1692165133;761107;1692165133;962296;
23728;1692165133;984148;1692165134;101507;
23796;1692165134;165960;1692165134;307914;
23788;1692165134;320010;1692165134;428410;
23819;1692165134;459137;1692165134;601046;
23792;1692165134;634951;1692165134;757268;
23757;1692165134;769982;1692165134;870152;
23879;1692165134;963026;1692165135;162549;
23789;1692165135;182645;1692165135;301184;
23749;1692165137;426127;1692165137;551955;
23798;1692165137;572942;1692165137;736669;
13855;1692165140;324413;1692165140;418966;
11264;1692165140;430833;1692165140;481852;
15124;1692165140;499773;1692165140;557742;
15170;1692165140;596434;1692165140;664521;
15052;1692165140;683492;1692165140;755414;
15126;1692165140;770706;1692165140;859580;
15074;1692165140;879771;1692165140;952949;
15066;1692165140;969816;1692165141;121858;
15126;1692165141;143666;1692165141;201320;
15099;1692165141;219731;1692165141;310775;
15139;1692165141;329766;1692165141;390477;
15144;1692165141;415647;1692165141;480426;
15115;1692165141;501041;1692165141;569544;
15117;1692165141;589917;1692165141;678637;
15115;1692165141;699910;1692165141;767148;
15146;1692165141;792041;1692165141;863860;
15159;1692165141;881745;1692165141;957246;
15101;1692165141;970633;1692165142;38268;
15107;1692165142;49947;1692165142;139817;
15143;1692165142;160112;1692165142;228165;
15151;1692165142;240032;1692165142;302270;
15136;1692165142;337337;1692165142;395084;
15092;1692165142;410240;1692165142;515936;
15124;1692165142;529961;1692165142;708223;
15115;1692165142;731471;1692165142;812834;
15171;1692165142;832555;1692165142;919469;
15151;1692165142;942125;1692165143;23029;
15116;1692165143;40650;1692165143;110852;
15078;1692165143;130056;1692165143;198487;
15122;1692165143;220093;1692165143;313879;
15131;1692165143;330956;1692165143;419537;
15116;1692165143;442756;1692165143;520344;
15182;1692165143;540097;1692165143;624091;
15156;1692165143;639871;1692165143;714521;
15140;1692165143;731385;1692165143;806205;
15083;1692165143;821059;1692165143;935504;
15180;1692165143;952653;1692165144;36384;
15071;1692165144;49800;1692165144;147884;
15134;1692165144;162949;1692165144;244218;
15085;1692165144;260019;1692165144;348406;
15139;1692165144;361031;1692165144;433377;
15121;1692165144;450090;1692165144;520048;
15049;1692165144;545614;1692165144;627207;
15111;1692165144;640063;1692165144;718488;
15082;1692165144;740133;1692165144;806753;
15158;1692165144;829884;1692165144;913684;
15101;1692165144;929981;1692165145;7555;
15093;1692165145;22044;1692165145;108234;
15125;1692165145;137059;1692165145;212865;
15076;1692165145;229798;1692165145;319428;
15148;1692165145;340005;1692165145;438020;
15135;1692165145;450170;1692165145;525196;
15118;1692165145;541055;1692165145;607899;
15142;1692165145;637103;1692165145;740133;
25143;1692165145;872885;1692165146;20786;
27787;1692165146;45026;1692165146;192698;
30131;1692165146;215906;1692165146;365616;
26498;1692165146;382582;1692165146;547800;
27609;1692165146;566691;1692165146;687308;
27592;1692165146;711339;1692165146;887839;
27589;1692165146;900033;1692165147;67169;
27623;1692165147;80265;1692165147;238723;
27555;1692165147;268178;1692165147;402706;
27607;1692165147;419797;1692165147;577834;
27541;1692165147;592226;1692165147;801050;
27645;1692165147;822698;1692165147;956724;
27462;1692165147;985288;1692165148;170032;
27617;1692165148;200295;1692165148;334723;
27591;1692165148;363327;1692165148;537653;
27592;1692165148;550001;1692165148;715059;
27561;1692165148;740187;1692165148;938559;
27456;1692165148;980948;1692165149;164222;
27522;1692165149;180926;1692165149;338522;
27640;1692165149;364063;1692165149;505532;
27550;1692165149;520123;1692165149;664303;
27584;1692165149;680891;1692165149;890943;
49136;1692165149;914253;1692165150;181612;
17255;1692165150;199864;1692165150;282813;
24342;1692165150;377608;1692165150;551153;
25028;1692165150;572224;1692165150;706468;
23830;1692165150;720050;1692165150;822066;
23892;1692165153;196070;1692165153;301199;
23813;1692165153;332761;1692165153;474634;
23886;1692165153;497221;1692165153;647863;
23881;1692165153;672983;1692165153;790835;
23852;1692165153;810867;1692165154;17861;
10128;1692165154;31163;1692165154;76063;
7490;1692165154;97387;1692165154;130104;
8674;1692165154;150595;1692165154;186508;
8686;1692165154;204045;1692165154;254780;
9504;1692165154;293510;1692165154;357898;
10096;1692165154;380224;1692165154;427725;
10075;1692165154;442860;1692165154;481475;
10087;1692165154;500626;1692165154;545486;
10057;1692165154;592824;1692165154;647156;
10064;1692165154;660009;1692165154;698716;
10034;1692165154;742845;1692165154;800636;
10071;1692165154;824921;1692165154;866498;
10074;1692165154;892551;1692165154;942127;
10061;1692165154;959917;1692165155;11214;
10075;1692165155;42540;1692165155;99933;
10072;1692165155;120694;1692165155;169456;
10055;1692165155;194893;1692165155;248457;
10045;1692165155;260405;1692165155;306349;
10069;1692165155;342503;1692165155;381383;
10122;1692165155;400010;1692165155;443589;
10048;1692165155;492454;1692165155;559796;
10049;1692165155;580318;1692165155;626157;
10062;1692165155;642944;1692165155;684320;
10054;1692165155;701605;1692165155;749295;
10072;1692165155;792236;1692165155;833511;
10051;1692165155;851678;1692165155;915637;
10068;1692165155;967696;1692165156;58114;
10049;1692165156;72546;1692165156;113342;
10071;1692165156;147013;1692165156;190324;
10077;1692165156;210317;1692165156;253075;
10062;1692165156;295605;1692165156;337353;
10030;1692165156;350357;1692165156;410628;
10050;1692165156;463289;1692165156;505370;
10056;1692165156;520584;1692165156;566074;
10060;1692165156;593135;1692165156;648549;
10064;1692165156;672422;1692165156;715713;
10065;1692165156;742673;1692165156;786220;
10043;1692165156;800050;1692165156;834730;
10084;1692165159;116826;1692165159;191482;
10023;1692165159;210551;1692165159;288145;
38984;1692165159;445900;1692165159;654047;
17192;1692165159;670594;1692165159;739035;
24211;1692165159;847375;1692165159;978079;
24822;1692165159;990058;1692165160;140424;
23636;1692165160;173439;1692165160;342886;
23667;1692165160;360146;1692165160;478090;
23697;1692165163;355209;1692165163;474877;
23662;1692165163;491182;1692165163;644483;
14959;1692165163;659978;1692165163;747174;
11238;1692165163;760304;1692165163;800764;
13487;1692165163;847770;1692165163;913809;
14493;1692165163;930132;1692165163;997765;
15144;1692165164;9950;1692165164;100141;
15058;1692165164;120524;1692165164;183864;
15058;1692165164;200713;1692165164;285526;
15026;1692165164;300182;1692165164;386211;
15033;1692165164;401547;1692165164;487994;
14983;1692165164;500376;1692165164;621328;
15037;1692165164;644296;1692165164;735237;
15034;1692165164;750260;1692165164;850050;
15081;1692165164;870366;1692165164;940126;
14990;1692165164;961841;1692165165;37379;
15034;1692165165;53549;1692165165;120026;
15149;1692165165;166293;1692165165;244367;
15077;1692165165;260289;1692165165;352646;
15011;1692165165;371543;1692165165;448369;
15023;1692165165;463638;1692165165;543913;
15057;1692165165;565175;1692165165;653085;
15029;1692165165;670831;1692165165;765947;
15005;1692165165;791642;1692165165;860490;
15013;1692165165;889555;1692165165;963490;
15019;1692165165;980766;1692165166;71293;
15040;1692165166;93337;1692165166;195042;
15045;1692165166;210202;1692165166;273219;
15041;1692165166;296497;1692165166;386814;
15041;1692165166;400426;1692165166;533026;
15058;1692165166;550564;1692165166;620814;
15067;1692165166;644479;1692165166;738603;
15066;1692165166;752909;1692165166;833097;
15105;1692165166;856028;1692165166;941356;
15096;1692165166;963400;1692165167;49654;
14989;1692165167;82689;1692165167;163800;
15021;1692165167;180378;1692165167;288069;
14985;1692165167;300169;1692165167;398531;
15032;1692165167;410248;1692165167;488913;
15083;1692165167;510696;1692165167;643545;
51170;1692165167;740054;1692165168;37311;
22657;1692165168;50889;1692165168;180418;
23251;1692165170;747998;1692165170;878606;
24123;1692165170;890481;1692165171;31087;
24154;1692165171;52194;1692165171;186727;
24436;1692165171;236872;1692165171;436944;
24421;1692165171;450322;1692165171;610004;
24441;1692165171;636556;1692165171;787164;
8672;1692165171;877629;1692165171;969788;
7460;1692165171;990277;1692165172;27106;
8640;1692165172;76059;1692165172;113051;
9390;1692165172;140409;1692165172;198893;
10028;1692165172;224046;1692165172;274017;
9948;1692165172;290314;1692165172;338342;
10052;1692165172;373924;1692165172;434002;
10069;1692165172;450492;1692165172;506211;
9991;1692165172;523812;1692165172;574941;
