14050;1692164827;907796;1692164827;987186;
17615;1692164828;2337;1692164828;101834;
22252;1692164828;115446;1692164828;243253;
22216;1692164828;307689;1692164828;472341;
22281;1692164828;481708;1692164828;602778;
22224;1692164828;611744;1692164828;714322;
22273;1692164828;807351;1692164829;201472;
22267;1692164829;212949;1692164829;324458;
22164;1692164829;406647;1692164829;512911;
22309;1692164829;521799;1692164829;616313;
22297;1692164829;713960;1692164829;861117;
22205;1692164829;871712;1692164830;27688;
22164;1692164830;43375;1692164830;145732;
22268;1692164833;179675;1692164833;285225;
22235;1692164833;301955;1692164833;438832;
12107;1692164833;546659;1692164833;648462;
12114;1692164833;661783;1692164833;726341;
13248;1692164833;762089;1692164833;833939;
14530;1692164833;851931;1692164833;924837;
14453;1692164833;945927;1692164834;17428;
14468;1692164834;31989;1692164834;116563;
14367;1692164834;132409;1692164834;194997;
14326;1692164834;212751;1692164834;276225;
14254;1692164834;292244;1692164834;358330;
14174;1692164834;373449;1692164834;463352;
14123;1692164834;484606;1692164834;565260;
14022;1692164834;581824;1692164834;654718;
14025;1692164834;672090;1692164834;730862;
14027;1692164834;741908;1692164834;834644;
14028;1692164834;860980;1692164834;935960;
14012;1692164834;951844;1692164835;8013;
14051;1692164835;41902;1692164835;103473;
14025;1692164835;112921;1692164835;184645;
14068;1692164835;202781;1692164835;276174;
14000;1692164835;301441;1692164835;376257;
14006;1692164835;391719;1692164835;448199;
14032;1692164835;463043;1692164835;546941;
14036;1692164835;561773;1692164835;628309;
13996;1692164835;643229;1692164835;706535;
14021;1692164835;722051;1692164835;794633;
14030;1692164835;811791;1692164835;868721;
13988;1692164835;891321;1692164835;964462;
14007;1692164835;981587;1692164836;53233;
14042;1692164836;61580;1692164836;140774;
14052;1692164836;151752;1692164836;212788;
14028;1692164836;243207;1692164836;311202;
14047;1692164836;321778;1692164836;381201;
14031;1692164836;391750;1692164836;497797;
14036;1692164836;516413;1692164836;696330;
14028;1692164836;726249;1692164836;850004;
14056;1692164836;862108;1692164836;937641;
14017;1692164836;952881;1692164837;28116;
14064;1692164837;41695;1692164837;108063;
14040;1692164837;125587;1692164837;182486;
14039;1692164837;201835;1692164837;257008;
14041;1692164837;290632;1692164837;356029;
13973;1692164837;373179;1692164837;496152;
172333;1692164837;583033;1692164838;408915;
20474;1692164838;421909;1692164838;503721;
28288;1692164838;583614;1692164838;744788;
27895;1692164838;763220;1692164838;900067;
27646;1692164838;913155;1692164839;57914;
27204;1692164839;80029;1692164839;199789;
27191;1692164839;212928;1692164839;364991;
26932;1692164839;381914;1692164839;559450;
26567;1692164839;571607;1692164839;695052;
26268;1692164839;714724;1692164839;839644;
26298;1692164839;883581;1692164840;35204;
26263;1692164840;52240;1692164840;356214;
26288;1692164840;373525;1692164840;576660;
26278;1692164840;591701;1692164840;713753;
26290;1692164840;780352;1692164840;909068;
26307;1692164840;921743;1692164841;108628;
26165;1692164841;122249;1692164841;317154;
26305;1692164841;332005;1692164841;452789;
26216;1692164841;479259;1692164841;639364;
109313;1692164841;699016;1692164842;314848;
19414;1692164842;331878;1692164842;447257;
20553;1692164842;491786;1692164842;628387;
20605;1692164842;650154;1692164842;743028;
23653;1692164842;797668;1692164842;916513;
23331;1692164842;932367;1692164843;46273;
23052;1692164843;90607;1692164843;210636;
23107;1692164843;232144;1692164843;374921;
22894;1692164843;392060;1692164843;561501;
22642;1692164843;572786;1692164843;690691;
22575;1692164843;702221;1692164843;821018;
22364;1692164846;270822;1692164846;373739;
22306;1692164846;381875;1692164846;526518;
20313;1692164846;678707;1692164846;777030;
20308;1692164846;792470;1692164846;875765;
29802;1692164846;978515;1692164847;144859;
29038;1692164847;163246;1692164847;303626;
24212;1692164847;313975;1692164847;458109;
28198;1692164847;475944;1692164847;624765;
28214;1692164847;642346;1692164847;834233;
27921;1692164847;852804;1692164847;991145;
27506;1692164848;1847;1692164848;132700;
27208;1692164848;175762;1692164848;352318;
26978;1692164848;395812;1692164848;558928;
26588;1692164848;571811;1692164848;696114;
26268;1692164848;712251;1692164848;838474;
26304;1692164848;875277;1692164848;995828;
26205;1692164849;32892;1692164849;158096;
26165;1692164849;178361;1692164849;312215;
26269;1692164849;322429;1692164849;439214;
26275;1692164849;476227;1692164849;603876;
26163;1692164849;611889;1692164849;728812;
26280;1692164849;774957;1692164849;940860;
26236;1692164849;952931;1692164850;78493;
26164;1692164850;108204;1692164850;232572;
26212;1692164850;276192;1692164850;409836;
26251;1692164850;428575;1692164850;554462;
26245;1692164850;575665;1692164850;697738;
26205;1692164850;712932;1692164850;837598;
26233;1692164850;874127;1692164850;996453;
26228;1692164851;13787;1692164851;250534;
26305;1692164851;261964;1692164851;430994;
26232;1692164851;443733;1692164851;560429;
26224;1692164851;573642;1692164851;706453;
26242;1692164851;721963;1692164851;839506;
26164;1692164851;874780;1692164852;20523;
26205;1692164852;33646;1692164852;217736;
26213;1692164852;232192;1692164852;340456;
26212;1692164852;374447;1692164852;508397;
26240;1692164852;525988;1692164852;656016;
26304;1692164852;673069;1692164852;799067;
26216;1692164852;814760;1692164852;934144;
26169;1692164852;974099;1692164853;103217;
26199;1692164853;112180;1692164853;245537;
26324;1692164853;272709;1692164853;409563;
26221;1692164853;424255;1692164853;552678;
26184;1692164853;585086;1692164853;730230;
26229;1692164853;742075;1692164853;914897;
26215;1692164853;931661;1692164854;66565;
26178;1692164854;81849;1692164854;200828;
26271;1692164857;153307;1692164857;258726;
26231;1692164857;272812;1692164857;402806;
26199;1692164857;411893;1692164857;533041;
26198;1692164857;570971;1692164857;680810;
26209;1692164857;693656;1692164857;825623;
26218;1692164857;872070;1692164857;991928;
26145;1692164858;2572;1692164858;205111;
26275;1692164858;229994;1692164858;355192;
26230;1692164858;373852;1692164858;500162;
26173;1692164858;579581;1692164858;699042;
26130;1692164858;713632;1692164858;837415;
26163;1692164858;870492;1692164859;9414;
26244;1692164859;22078;1692164859;141590;
26170;1692164859;169382;1692164859;301043;
26178;1692164859;312013;1692164859;456084;
26179;1692164859;474518;1692164859;611320;
26242;1692164859;623692;1692164859;737314;
26176;1692164859;770288;1692164859;951855;
26230;1692164859;962469;1692164860;145347;
26256;1692164860;174148;1692164860;298681;
26208;1692164860;312010;1692164860;456956;
26187;1692164860;472854;1692164860;634890;
26079;1692164860;651983;1692164860;788833;
26204;1692164860;802172;1692164860;955480;
26171;1692164860;972132;1692164861;105747;
26230;1692164861;128724;1692164861;274514;
26173;1692164861;292112;1692164861;418176;
26197;1692164861;468306;1692164861;603052;
26239;1692164861;613603;1692164861;741171;
26211;1692164861;767926;1692164861;881925;
26241;1692164861;896148;1692164862;29039;
26244;1692164862;68879;1692164862;192702;
26228;1692164862;203458;1692164862;330044;
26198;1692164862;368917;1692164862;508714;
26123;1692164862;522539;1692164862;641804;
26233;1692164862;667568;1692164862;791152;
26145;1692164862;802130;1692164862;925291;
26172;1692164862;969591;1692164863;92428;
26222;1692164863;104918;1692164863;219501;
26207;1692164863;267384;1692164863;410490;
26224;1692164863;426002;1692164863;535149;
26194;1692164863;569335;1692164863;698995;
26179;1692164863;712044;1692164863;839348;
26290;1692164863;868551;1692164863;993613;
26193;1692164864;2088;1692164864;130187;
26216;1692164864;166939;1692164864;348158;
26182;1692164864;380039;1692164864;581290;
26188;1692164864;594696;1692164864;714960;
26215;1692164864;767514;1692164864;944963;
26172;1692164864;962541;1692164865;120174;
26260;1692164865;132071;1692164865;259210;
26263;1692164865;272208;1692164865;437340;
26167;1692164865;466114;1692164865;598604;
26274;1692164865;612834;1692164865;757401;
26180;1692164865;772066;1692164865;914197;
26198;1692164865;965789;1692164866;89476;
26222;1692164866;106507;1692164866;236213;
26202;1692164866;267031;1692164866;386860;
26245;1692164866;401856;1692164866;542655;
26324;1692164866;565388;1692164866;788574;
26130;1692164866;802651;1692164866;998185;
26131;1692164867;13823;1692164867;154484;
26090;1692164867;172746;1692164867;316887;
26316;1692164867;335639;1692164867;453949;
26202;1692164867;475384;1692164867;616205;
26122;1692164867;635853;1692164867;756129;
26118;1692164867;772592;1692164867;871577;
26216;1692164867;967900;1692164868;138121;
26139;1692164868;153394;1692164868;297828;
26154;1692164868;311956;1692164868;440648;
26126;1692164868;465538;1692164868;589095;
26198;1692164868;602033;1692164868;853684;
26190;1692164868;862097;1692164869;37666;
26185;1692164869;53812;1692164869;181655;
26232;1692164869;192099;1692164869;335337;
26208;1692164869;363722;1692164869;486614;
26246;1692164869;501896;1692164869;629502;
26170;1692164869;666495;1692164869;826736;
26207;1692164869;842492;1692164870;153967;
26141;1692164870;171967;1692164870;311024;
26251;1692164870;321928;1692164870;431073;
26124;1692164870;465418;1692164870;592349;
26165;1692164870;602199;1692164870;775580;
26128;1692164870;793248;1692164870;909894;
26207;1692164870;965093;1692164871;110164;
26216;1692164871;126998;1692164871;244237;
26125;1692164871;268142;1692164871;437486;
26232;1692164871;452435;1692164871;580296;
26183;1692164871;592117;1692164871;703452;
26078;1692164871;765247;1692164871;959904;
26198;1692164871;972033;1692164872;113062;
26191;1692164872;172504;1692164872;324391;
26203;1692164872;344998;1692164872;497063;
26208;1692164872;519822;1692164872;710540;
26230;1692164872;722101;1692164872;861098;
26181;1692164872;877471;1692164873;5023;
26145;1692164873;95716;1692164873;351930;
26139;1692164873;365204;1692164873;493396;
26147;1692164873;503196;1692164873;631501;
26137;1692164873;661539;1692164873;809501;
39952;1692164876;662567;1692164876;867946;
19601;1692164876;882526;1692164876;992866;
22241;1692164879;295366;1692164879;439514;
22303;1692164879;452524;1692164879;607211;
122013;1692164881;919051;1692164882;578331;
22698;1692164882;592810;1692164882;718889;
26275;1692164882;757945;1692164882;880678;
26381;1692164882;894028;1692164883;40517;
26259;1692164883;57589;1692164883;196549;
26333;1692164883;212234;1692164883;411641;
26335;1692164883;422159;1692164883;613105;
26307;1692164883;622308;1692164883;765074;
26287;1692164883;782366;1692164883;948276;
26423;1692164883;962500;1692164884;119100;
26358;1692164884;156470;1692164884;352395;
26309;1692164884;362193;1692164884;540325;
26341;1692164884;556048;1692164884;716705;
26401;1692164884;733492;1692164884;878113;
26324;1692164884;893086;1692164885;52194;
26340;1692164885;63244;1692164885;203555;
26362;1692164885;256046;1692164885;388528;
26380;1692164885;406924;1692164885;547070;
26348;1692164885;566873;1692164885;674645;
26285;1692164885;759863;1692164885;920244;
26385;1692164885;932086;1692164886;51925;
26371;1692164886;63998;1692164886;185301;
26330;1692164886;284032;1692164886;492161;
26289;1692164886;502384;1692164886;635799;
26430;1692164886;655288;1692164886;801761;
26361;1692164886;812314;1692164886;962610;
26375;1692164886;972235;1692164887;128057;
26326;1692164887;156828;1692164887;309120;
26361;1692164887;336447;1692164887;484401;
26360;1692164887;508215;1692164887;653515;
26342;1692164887;673608;1692164887;806642;
26389;1692164887;854553;1692164888;23320;
26291;1692164888;32389;1692164888;168199;
26413;1692164888;182321;1692164888;325731;
26298;1692164888;355059;1692164888;510628;
26325;1692164888;523145;1692164888;664886;
26364;1692164888;689659;1692164888;830542;
26324;1692164888;854286;1692164889;7637;
26243;1692164889;24314;1692164889;170491;
26338;1692164889;193274;1692164889;336524;
26281;1692164889;358054;1692164889;538835;
26311;1692164889;553738;1692164889;668815;
26275;1692164889;685427;1692164889;827156;
26316;1692164889;854335;1692164889;988486;
26268;1692164890;6260;1692164890;185197;
26362;1692164890;202264;1692164890;327380;
26343;1692164890;352754;1692164890;492338;
26344;1692164890;509080;1692164890;702806;
26313;1692164890;714866;1692164890;895959;
26354;1692164890;912965;1692164891;71067;
26325;1692164891;83546;1692164891;192147;
26276;1692164893;259268;1692164893;426914;
26395;1692164893;446563;1692164893;610938;
26275;1692164893;626128;1692164893;809369;
26313;1692164893;823123;1692164893;948510;
26278;1692164893;962665;1692164894;99539;
26325;1692164894;151487;1692164894;304200;
26338;1692164894;330216;1692164894;523105;
26347;1692164894;544289;1692164894;671458;
26366;1692164894;682444;1692164894;794944;
26274;1692164897;167967;1692164897;282297;
26305;1692164897;295481;1692164897;427371;
26350;1692164897;449608;1692164897;592932;
16149;1692164897;603007;1692164897;674250;
4184;1692164897;693095;1692164897;713654;
4889;1692164897;755096;1692164897;771792;
4896;1692164897;807693;1692164897;826832;
4896;1692164897;855054;1692164897;874210;
4896;1692164897;904852;1692164897;922892;
5222;1692164897;955023;1692164897;977425;
5232;1692164898;7334;1692164898;28240;
5232;1692164898;61010;1692164898;85281;
5232;1692164898;105037;1692164898;132801;
5232;1692164898;156603;1692164898;175612;
5232;1692164898;206201;1692164898;242290;
5232;1692164898;255432;1692164898;285437;
5232;1692164898;306491;1692164898;335265;
5232;1692164898;354992;1692164898;386192;
5232;1692164898;405448;1692164898;436168;
5232;1692164898;456000;1692164898;480056;
5232;1692164898;504848;1692164898;538226;
5107;1692164898;554591;1692164898;578380;
5107;1692164898;605368;1692164898;625783;
5107;1692164898;654564;1692164898;682133;
5107;1692164898;707687;1692164898;728307;
5107;1692164898;754524;1692164898;782957;
5107;1692164898;804454;1692164898;822734;
5107;1692164898;854448;1692164898;871364;
5107;1692164898;904568;1692164898;925388;
5107;1692164898;954381;1692164898;971712;
5107;1692164899;4504;1692164899;31664;
5107;1692164899;55608;1692164899;74339;
5107;1692164899;104343;1692164899;126943;
5107;1692164899;154320;1692164899;169816;
5107;1692164899;205630;1692164899;223147;
5107;1692164899;254409;1692164899;278513;
5107;1692164899;304255;1692164899;322353;
5107;1692164899;354306;1692164899;370320;
5107;1692164899;433255;1692164899;452637;
5107;1692164899;462758;1692164899;477803;
5107;1692164899;555970;1692164899;590859;
5107;1692164899;604214;1692164899;624126;
5107;1692164899;654342;1692164899;669787;
5107;1692164899;704470;1692164899;726107;
5107;1692164899;754216;1692164899;775554;
5107;1692164899;806014;1692164899;824314;
5107;1692164899;854692;1692164899;873067;
5107;1692164899;904299;1692164899;919425;
5107;1692164899;954159;1692164899;981808;
5107;1692164900;4654;1692164900;74189;
5107;1692164900;95950;1692164900;118877;
5107;1692164900;156943;1692164900;172159;
5107;1692164900;207635;1692164900;224763;
5107;1692164900;254817;1692164900;271182;
5107;1692164900;306501;1692164900;336303;
5107;1692164900;366605;1692164900;385807;
5107;1692164900;406373;1692164900;442053;
5107;1692164900;473389;1692164900;503164;
5107;1692164900;521463;1692164900;550855;
5107;1692164903;306511;1692164903;327520;
5107;1692164903;342232;1692164903;394051;
53015;1692164903;458370;1692164903;725259;
13462;1692164903;742376;1692164903;866937;
14014;1692164903;882599;1692164903;979878;
14480;1692164904;5643;1692164904;123193;
14438;1692164904;136977;1692164904;214891;
14424;1692164904;232587;1692164904;325741;
14302;1692164904;344959;1692164904;403293;
14282;1692164904;413508;1692164904;486269;
14208;1692164904;506206;1692164904;586254;
14118;1692164904;603848;1692164904;671117;
14040;1692164904;682308;1692164904;734960;
14058;1692164904;759418;1692164904;829833;
14046;1692164904;842531;1692164904;925735;
14047;1692164904;944009;1692164905;99814;
14047;1692164905;112471;1692164905;187893;
14036;1692164905;205237;1692164905;295207;
14075;1692164905;312522;1692164905;397107;
14045;1692164905;415128;1692164905;482194;
14036;1692164905;505071;1692164905;563475;
14058;1692164905;586559;1692164905;676107;
14028;1692164905;692877;1692164905;752758;
14055;1692164905;762454;1692164905;824309;
14048;1692164905;855120;1692164905;921217;
14030;1692164905;932621;1692164905;993966;
14023;1692164906;12412;1692164906;80624;
14032;1692164906;99321;1692164906;163614;
14042;1692164906;172402;1692164906;237865;
14088;1692164906;255406;1692164906;315500;
14054;1692164906;332367;1692164906;413520;
14058;1692164906;422609;1692164906;480383;
14025;1692164906;506291;1692164906;562079;
14015;1692164906;572322;1692164906;642809;
14021;1692164906;655846;1692164906;721177;
14052;1692164906;734370;1692164906;805338;
14025;1692164906;822496;1692164906;878456;
14040;1692164906;911392;1692164906;977558;
14030;1692164906;992862;1692164907;73439;
14043;1692164907;83107;1692164907;142698;
14031;1692164907;154575;1692164907;215096;
14003;1692164907;232414;1692164907;294814;
14055;1692164907;314253;1692164907;446826;
14058;1692164907;462824;1692164907;570143;
27156;1692164907;584989;1692164907;707579;
22288;1692164907;722772;1692164907;858684;
20453;1692164907;884996;1692164907;987472;
29562;1692164908;3003;1692164908;255796;
28889;1692164908;272276;1692164908;422610;
24244;1692164908;435518;1692164908;567776;
28185;1692164908;584282;1692164908;717152;
28293;1692164908;732433;1692164908;888646;
27928;1692164908;903327;1692164909;43677;
27478;1692164909;83992;1692164909;222499;
27076;1692164909;236808;1692164909;389614;
26864;1692164909;405043;1692164909;543446;
26594;1692164909;583855;1692164909;724358;
26706;1692164909;743125;1692164909;866585;
26307;1692164909;883981;1692164910;6835;
26368;1692164910;24041;1692164910;172158;
26293;1692164910;192781;1692164910;334822;
26329;1692164910;385048;1692164910;516385;
26254;1692164910;532431;1692164910;657840;
26186;1692164910;683065;1692164910;823269;
26324;1692164910;834061;1692164911;6614;
26266;1692164911;24978;1692164911;168258;
26297;1692164911;182754;1692164911;303624;
26213;1692164911;323521;1692164911;454162;
26292;1692164911;482697;1692164911;663784;
36857;1692164911;695100;1692164911;866616;
17723;1692164911;883106;1692164911;963563;
24066;1692164911;994592;1692164912;118695;
24055;1692164912;133528;1692164912;248337;
23951;1692164912;296842;1692164912;420551;
20580;1692164912;453627;1692164912;567538;
23682;1692164912;595417;1692164912;744896;
23720;1692164912;762484;1692164912;887186;
23419;1692164912;904475;1692164913;29928;
23145;1692164913;95538;1692164913;226881;
22987;1692164913;242584;1692164913;387036;
22759;1692164913;403793;1692164913;536430;
22464;1692164913;594535;1692164913;740965;
22442;1692164913;752538;1692164913;883566;
22323;1692164913;902543;1692164914;13998;
22336;1692164914;30571;1692164914;139090;
22308;1692164914;194503;1692164914;360589;
22314;1692164914;380261;1692164914;520873;
22321;1692164914;532486;1692164914;654785;
22381;1692164914;694249;1692164914;871307;
22333;1692164914;882702;1692164915;27207;
22283;1692164915;43490;1692164915;160634;
22301;1692164915;194630;1692164915;316929;
22365;1692164915;335278;1692164915;464307;
22338;1692164915;493094;1692164915;675642;
20233;1692164915;882892;1692164915;979662;
29695;1692164916;954;1692164916;133520;
28897;1692164916;181150;1692164916;337713;
29000;1692164916;353233;1692164916;504358;
24410;1692164916;525456;1692164916;620876;
28300;1692164916;682068;1692164916;833374;
27959;1692164916;844327;1692164917;49096;
27434;1692164917;62438;1692164917;262709;
27115;1692164917;272528;1692164917;425238;
26937;1692164917;447078;1692164917;630792;
26535;1692164917;662787;1692164917;790286;
26337;1692164917;804094;1692164917;950090;
26262;1692164917;982549;1692164918;104147;
26276;1692164918;126886;1692164918;274360;
26330;1692164918;292494;1692164918;403883;
26273;1692164921;265361;1692164921;391136;
26344;1692164921;402465;1692164921;535791;
26297;1692164921;578386;1692164921;713645;
26250;1692164921;732067;1692164921;867975;
26309;1692164921;882498;1692164922;10494;
26327;1692164924;676037;1692164924;795500;
26258;1692164924;812802;1692164924;921909;
26225;1692164924;979081;1692164925;160089;
26307;1692164925;173646;1692164925;327203;
26353;1692164925;343591;1692164925;468083;
26286;1692164925;482950;1692164925;654885;
8102;1692164925;733447;1692164925;825732;
8106;1692164925;845302;1692164925;926879;
8992;1692164925;942633;1692164925;994242;
9869;1692164926;30631;1692164926;102558;
9880;1692164926;172694;1692164926;245870;
9790;1692164926;263454;1692164926;312936;
9761;1692164926;332533;1692164926;380374;
9730;1692164926;392752;1692164926;436006;
9756;1692164926;480635;1692164926;531930;
9689;1692164926;542616;1692164926;586364;
9627;1692164926;630810;1692164926;687297;
9621;1692164926;702559;1692164926;745674;
9565;1692164926;780593;1692164926;817119;
9550;1692164926;832688;1692164926;877773;
9547;1692164926;893011;1692164926;953566;
9521;1692164926;981312;1692164927;26942;
9516;1692164927;48552;1692164927;132330;
9512;1692164927;152617;1692164927;208205;
9517;1692164927;230236;1692164927;271325;
9509;1692164927;286575;1692164927;339554;
9534;1692164927;380321;1692164927;426668;
9522;1692164927;442774;1692164927;519902;
9510;1692164927;532914;1692164927;580050;
9525;1692164927;593567;1692164927;656681;
9522;1692164927;679917;1692164927;727583;
9526;1692164927;742747;1692164927;780609;
9531;1692164927;830059;1692164927;882838;
9532;1692164927;893946;1692164927;947136;
9518;1692164927;980153;1692164928;24484;
9510;1692164928;42569;1692164928;89478;
9524;1692164928;129704;1692164928;170820;
9515;1692164928;184450;1692164928;238706;
9503;1692164928;279636;1692164928;331132;
9528;1692164928;342683;1692164928;396952;
9534;1692164928;429590;1692164928;475274;
9520;1692164928;492842;1692164928;559971;
9502;1692164928;579493;1692164928;696074;
9530;1692164928;712697;1692164928;800734;
9531;1692164928;813820;1692164928;856736;
9536;1692164928;879490;1692164928;924970;
9529;1692164928;943677;1692164928;993985;
9512;1692164929;30370;1692164929;66260;
9510;1692164929;84421;1692164929;159500;
9528;1692164929;172798;1692164929;243730;
9526;1692164929;252833;1692164929;289461;
9530;1692164929;329823;1692164929;368894;
9509;1692164929;382764;1692164929;423969;
9539;1692164929;443368;1692164929;480312;
9518;1692164929;530340;1692164929;613109;
18866;1692164929;773341;1692164929;852088;
17925;1692164929;870500;1692164929;955704;
17902;1692164929;974143;1692164930;86368;
24192;1692164930;103001;1692164930;306545;
24089;1692164930;323862;1692164930;476096;
20641;1692164930;493701;1692164930;580142;
23503;1692164930;671870;1692164930;809414;
23593;1692164930;822787;1692164930;916860;
23381;1692164931;41501;1692164931;177159;
23118;1692164931;192540;1692164931;306436;
22890;1692164931;375957;1692164931;523019;
22653;1692164931;536118;1692164931;657305;
22527;1692164931;672711;1692164931;798562;
22616;1692164931;814054;1692164931;918891;
22286;1692164931;969128;1692164932;91094;
22334;1692164932;106775;1692164932;207999;
22233;1692164932;270324;1692164932;426041;
22280;1692164932;443003;1692164932;537696;
22332;1692164932;568974;1692164932;695289;
22288;1692164932;715564;1692164932;817113;
22343;1692164932;868583;1692164933;4202;
22378;1692164933;12817;1692164933;104301;
22324;1692164933;203393;1692164933;376565;
22285;1692164933;402601;1692164933;549046;
22348;1692164933;568178;1692164933;773830;
20227;1692164933;960523;1692164934;44461;
29686;1692164934;66436;1692164934;226498;
29616;1692164934;242661;1692164934;389225;
28997;1692164934;409881;1692164934;540945;
24293;1692164934;597532;1692164934;796478;
28277;1692164934;818440;1692164934;986474;
27898;1692164935;15997;1692164935;165027;
27524;1692164935;183382;1692164935;314022;
27102;1692164935;355782;1692164935;505154;
26803;1692164935;523387;1692164935;652153;
26632;1692164935;663084;1692164935;828067;
26245;1692164935;857084;1692164935;990114;
26207;1692164936;2705;1692164936;127202;
26244;1692164936;160567;1692164936;317659;
26302;1692164936;333646;1692164936;457338;
26267;1692164936;472797;1692164936;616415;
26262;1692164936;663064;1692164936;794951;
26271;1692164936;812652;1692164936;931327;
26284;1692164936;954754;1692164937;116616;
26213;1692164937;132942;1692164937;267297;
26269;1692164937;282977;1692164937;419206;
26251;1692164937;454725;1692164937;567535;
26350;1692164937;585251;1692164937;719053;
26296;1692164937;754323;1692164937;871658;
26377;1692164937;882625;1692164938;25619;
26325;1692164938;56096;1692164938;200517;
26377;1692164938;212711;1692164938;340914;
26260;1692164938;353929;1692164938;489918;
26326;1692164938;502825;1692164938;652994;
26272;1692164938;664900;1692164938;788317;
26346;1692164938;865590;1692164941;643380;
26306;1692164941;652762;1692164941;788254;
26241;1692164941;803879;1692164941;993791;
26321;1692164942;8809;1692164942;121350;
26315;1692164942;151883;1692164942;261653;
26241;1692164942;272829;1692164942;407000;
26261;1692164942;454162;1692164942;639840;
26315;1692164942;653826;1692164942;786933;
26172;1692164942;806358;1692164942;922488;
26270;1692164942;953697;1692164943;80293;
26257;1692164943;94571;1692164943;256487;
26332;1692164943;274348;1692164943;550319;
26282;1692164943;564345;1692164943;692315;
26351;1692164946;101104;1692164946;236750;
26244;1692164946;252965;1692164946;408621;
19443;1692164946;571723;1692164946;673059;
17709;1692164946;683461;1692164946;773315;
24234;1692164946;862961;1692164947;34831;
24301;1692164947;53187;1692164947;167412;
24157;1692164947;182953;1692164947;292943;
20688;1692164949;742452;1692164949;850747;
23579;1692164949;864001;1692164949;991925;
22369;1692164950;61171;1692164950;201734;
22250;1692164950;215162;1692164950;379587;
22329;1692164950;393021;1692164950;533053;
5945;1692164950;543102;1692164950;561653;
4160;1692164952;697934;1692164952;714263;
4903;1692164952;735140;1692164952;750522;
5038;1692164952;778266;1692164952;801821;
5026;1692164952;828217;1692164952;855271;
5033;1692164952;878337;1692164952;901773;
5043;1692164952;932540;1692164952;956028;
5044;1692164952;980417;1692164953;2969;
5042;1692164953;31595;1692164953;52175;
5045;1692164953;78120;1692164953;108531;
5045;1692164953;127977;1692164953;145832;
5049;1692164953;178114;1692164953;197288;
5051;1692164953;228120;1692164953;246688;
5045;1692164953;280362;1692164953;313401;
5039;1692164953;327994;1692164953;345526;
5033;1692164953;380848;1692164953;410288;
5036;1692164953;456352;1692164953;480904;
5026;1692164953;528014;1692164953;545225;
5042;1692164953;579803;1692164953;597854;
5042;1692164953;628250;1692164953;663221;
5042;1692164953;682264;1692164953;701269;
5044;1692164953;728003;1692164953;743202;
5044;1692164953;777832;1692164953;816067;
5044;1692164953;834308;1692164953;864687;
5041;1692164953;882954;1692164953;902960;
5029;1692164953;927840;1692164953;945375;
5052;1692164953;982318;1692164954;4432;
5052;1692164954;28278;1692164954;49556;
5055;1692164954;81363;1692164954;111741;
5045;1692164954;133359;1692164954;158552;
5041;1692164954;183877;1692164954;203287;
5041;1692164954;227657;1692164954;250145;
5040;1692164954;277958;1692164954;296404;
5043;1692164954;327865;1692164954;348559;
5043;1692164954;381080;1692164954;403586;
5044;1692164954;428898;1692164954;483450;
8093;1692164954;590774;1692164954;687545;
8082;1692164954;702824;1692164954;741555;
8986;1692164954;785033;1692164954;819867;
8999;1692164954;833882;1692164954;867338;
9864;1692164954;936120;1692164954;993273;
9823;1692164955;2793;1692164955;48891;
9818;1692164955;80594;1692164955;119814;
9782;1692164955;132893;1692164955;173292;
9727;1692164955;183088;1692164955;221352;
9721;1692164955;282582;1692164955;592799;
9735;1692164955;603159;1692164955;654995;
9550;1692164955;680531;1692164955;715748;
9566;1692164955;733122;1692164955;776221;
9535;1692164955;793027;1692164955;836228;
9558;1692164955;880537;1692164955;939490;
9580;1692164955;955648;1692164956;6438;
9563;1692164956;30188;1692164956;77014;
9571;1692164956;92955;1692164956;134027;
9550;1692164956;180324;1692164956;237607;
9555;1692164956;252892;1692164956;314288;
9566;1692164956;336464;1692164956;402109;
9551;1692164956;413162;1692164956;491276;
9569;1692164956;503863;1692164956;594111;
9579;1692164956;615054;1692164956;675576;
9583;1692164956;697591;1692164956;737775;
9546;1692164956;789483;1692164956;838043;
9569;1692164956;853503;1692164956;899615;
9584;1692164956;929897;1692164956;976266;
9544;1692164956;994264;1692164957;51648;
9558;1692164957;81059;1692164957;133262;
9577;1692164957;143296;1692164957;214737;
9585;1692164957;233072;1692164957;273277;
9566;1692164957;282872;1692164957;333338;
9583;1692164957;385682;1692164957;429564;
9554;1692164957;448280;1692164957;494604;
9564;1692164957;529686;1692164957;584050;
9574;1692164957;602971;1692164957;643970;
9556;1692164957;679710;1692164957;728403;
9554;1692164957;743196;1692164957;798280;
9550;1692164957;832003;1692164957;871661;
9564;1692164957;886114;1692164957;933977;
9595;1692164957;979627;1692164958;35885;
9583;1692164958;53403;1692164958;103392;
9594;1692164958;129580;1692164958;172240;
9591;1692164958;184134;1692164958;234838;
9555;1692164958;283487;1692164958;343663;
9560;1692164958;353997;1692164958;393477;
9569;1692164958;429787;1692164958;555355;
17726;1692164958;671213;1692164958;764217;
17706;1692164958;783433;1692164958;866672;
24309;1692164958;970703;1692164959;80132;
24208;1692164959;107954;1692164959;216717;
20638;1692164959;269345;1692164959;371623;
20623;1692164959;383322;1692164959;497304;
23584;1692164962;517775;1692164962;634546;
23457;1692164962;653054;1692164962;784675;
22432;1692164962;804662;1692164962;900834;
22353;1692164965;877967;1692164966;23156;
22301;1692164966;38294;1692164966;180189;
22332;1692164966;192967;1692164966;372200;
22316;1692164966;383138;1692164966;493155;
22269;1692164968;663918;1692164968;753193;
22371;1692164968;773500;1692164968;917139;
27631;1692164968;950261;1692164969;78282;
8120;1692164969;93392;1692164969;131523;
9426;1692164969;150369;1692164969;211937;
8974;1692164969;223766;1692164969;265693;
9841;1692164969;298926;1692164969;339043;
9865;1692164969;353447;1692164969;395691;
9829;1692164969;413103;1692164969;455519;
9801;1692164969;504253;1692164969;545790;
9814;1692164969;563212;1692164969;607556;
9731;1692164969;652404;1692164969;724046;
9723;1692164969;790876;1692164969;850358;
9668;1692164969;863423;1692164969;903549;
9614;1692164969;948747;1692164969;993310;
9595;1692164970;3031;1692164970;37009;
9556;1692164970;102426;1692164970;186846;
9582;1692164970;206666;1692164970;312707;
9530;1692164970;343005;1692164970;383956;
9530;1692164970;403524;1692164970;464574;
9515;1692164970;485806;1692164970;526632;
9523;1692164970;555136;1692164970;592763;
9514;1692164970;617309;1692164970;675985;
9512;1692164970;699910;1692164970;760020;
9528;1692164970;774632;1692164970;822728;
9545;1692164970;848397;1692164970;893806;
9526;1692164970;906479;1692164970;946836;
9510;1692164971;6823;1692164971;125877;
9504;1692164971;145337;1692164971;192418;
9533;1692164971;204157;1692164971;260680;
9507;1692164971;298517;1692164971;338197;
9534;1692164971;354725;1692164971;397688;
9542;1692164971;413272;1692164971;455109;
9522;1692164971;499617;1692164971;545336;
9516;1692164971;563624;1692164971;612209;
9522;1692164971;649349;1692164971;705758;
9513;1692164971;723777;1692164971;765121;
9493;1692164971;797952;1692164971;839397;
9511;1692164971;853091;1692164971;890610;
9533;1692164971;952549;1692164972;28214;
9540;1692164972;70775;1692164972;121104;
9532;1692164972;133676;1692164972;190826;
9532;1692164972;203237;1692164972;240272;
9528;1692164974;397756;1692164974;443873;
9533;1692164974;453804;1692164974;540065;
13966;1692164974;553203;1692164974;633892;
12167;1692164974;653206;1692164974;701718;
13970;1692164974;713324;1692164974;766533;
13235;1692164974;797704;1692164974;861206;
13236;1692164974;885459;1692164974;938922;
14483;1692164974;967208;1692164975;33233;
14507;1692164975;47138;1692164975;116633;
14373;1692164975;133332;1692164975;217494;
14301;1692164975;233123;1692164975;307074;
14271;1692164975;324287;1692164975;398115;
14198;1692164975;414839;1692164975;481954;
14109;1692164975;496934;1692164975;573655;
14150;1692164975;583729;1692164975;669901;
14045;1692164975;683242;1692164975;770181;
14031;1692164975;783514;1692164975;844087;
13985;1692164975;863234;1692164975;932945;
14005;1692164975;946795;1692164976;24403;
14011;1692164976;43181;1692164976;115893;
14024;1692164976;138156;1692164976;195626;
13997;1692164976;213199;1692164976;279179;
13996;1692164976;298689;1692164976;366823;
13994;1692164976;383576;1692164976;471262;
13990;1692164976;493327;1692164976;553603;
13992;1692164976;563226;1692164976;627537;
14001;1692164976;656952;1692164976;737095;
13988;1692164976;753570;1692164976;834651;
13998;1692164976;854992;1692164976;911274;
13985;1692164976;923150;1692164976;982624;
13988;1692164976;997798;1692164977;68597;
13954;1692164977;84824;1692164977;165439;
13979;1692164977;183161;1692164977;253883;
13962;1692164977;273160;1692164977;328542;
14000;1692164977;346342;1692164977;406595;
14022;1692164977;428948;1692164977;497907;
13982;1692164977;515469;1692164977;585914;
13977;1692164977;603603;1692164977;668341;
13975;1692164977;683061;1692164977;738490;
13994;1692164977;753230;1692164977;811415;
13977;1692164977;849874;1692164977;917148;
13995;1692164977;934127;1692164978;1566;
13961;1692164978;13246;1692164978;64426;
14028;1692164978;95875;1692164978;150417;
13985;1692164978;164907;1692164978;221948;
13978;1692164978;251072;1692164978;324759;
14002;1692164978;348445;1692164978;413056;
13996;1692164978;431302;1692164978;509350;
13995;1692164978;544281;1692164978;645358;
20390;1692164978;776361;1692164978;889043;
20404;1692164978;905629;1692164978;985553;
29517;1692164979;77587;1692164979;773895;
28848;1692164979;783340;1692164979;934817;
27537;1692164979;973320;1692164980;110513;
27537;1692164980;133286;1692164980;262540;
27242;1692164980;273192;1692164980;401786;
26993;1692164980;413173;1692164980;556596;
26754;1692164980;573741;1692164980;709163;
26798;1692164980;723247;1692164980;871112;
26373;1692164980;883832;1692164981;17908;
26348;1692164981;73827;1692164981;245872;
26405;1692164981;264148;1692164981;409316;
26441;1692164981;423278;1692164981;535253;
26360;1692164981;574079;1692164981;714258;
26385;1692164981;726950;1692164981;833325;
26407;1692164981;872716;1692164982;4783;
26355;1692164982;23172;1692164982;153914;
26340;1692164982;175452;1692164982;291376;
26365;1692164982;303337;1692164982;447653;
26412;1692164982;473793;1692164982;598782;
26387;1692164982;613769;1692164982;780095;
26304;1692164982;799678;1692164983;22307;
26379;1692164983;33336;1692164983;175916;
26412;1692164983;193478;1692164983;311637;
26321;1692164983;381759;1692164983;529499;
26346;1692164983;566862;1692164983;693036;
26339;1692164983;703436;1692164983;882433;
26310;1692164983;893591;1692164984;17159;
26341;1692164984;77112;1692164984;291621;
26405;1692164984;303326;1692164984;449213;
26389;1692164984;470678;1692164984;590250;
26384;1692164984;603352;1692164984;748072;
26296;1692164984;770534;1692164984;885389;
26333;1692164984;903469;1692164985;26909;
26296;1692164985;74003;1692164985;208419;
26361;1692164985;223931;1692164985;356810;
26265;1692164985;374517;1692164985;498294;
26347;1692164985;513927;1692164985;638698;
26346;1692164985;670808;1692164985;790521;
26332;1692164985;803445;1692164985;932458;
26311;1692164985;974603;1692164986;106923;
26263;1692164986;123235;1692164986;237084;
26363;1692164986;270258;1692164986;419441;
26359;1692164986;433185;1692164986;557499;
26362;1692164986;573751;1692164986;687351;
26382;1692164986;705729;1692164986;844489;
26356;1692164986;875398;1692164986;992353;
26325;1692164987;3367;1692164987;149701;
26328;1692164987;171942;1692164987;469012;
26340;1692164987;483547;1692164987;617195;
26291;1692164987;670896;1692164987;792315;
26363;1692164987;808005;1692164987;940419;
26376;1692164987;969933;1692164988;87560;
26394;1692164988;104020;1692164988;232597;
26366;1692164988;269203;1692164988;406910;
26366;1692164988;423490;1692164988;549308;
26392;1692164988;571986;1692164988;732417;
26308;1692164988;748541;1692164988;877018;
26350;1692164988;893378;1692164989;28799;
26330;1692164989;68551;1692164989;212017;
26411;1692164989;225767;1692164989;323042;
26273;1692164989;368302;1692164989;481912;
26377;1692164989;493357;1692164989;626520;
26397;1692164989;668742;1692164989;788894;
26276;1692164989;803806;1692164989;920218;
26300;1692164989;968122;1692164990;102544;
26400;1692164990;114253;1692164990;243066;
26326;1692164990;269392;1692164990;443536;
26339;1692164990;453523;1692164990;581897;
26376;1692164990;593334;1692164990;697418;
26314;1692164990;768914;1692164990;893107;
26210;1692164990;903369;1692164991;26077;
26356;1692164991;68300;1692164991;200143;
26334;1692164991;214244;1692164991;349511;
26425;1692164991;366999;1692164991;492845;
26334;1692164991;504282;1692164991;719974;
26335;1692164991;736795;1692164991;889149;
26330;1692164991;908192;1692164992;40402;
26375;1692164992;67001;1692164992;185105;
26378;1692164992;204812;1692164992;326948;
26382;1692164992;367655;1692164992;487641;
26306;1692164992;509422;1692164992;647147;
26313;1692164992;666853;1692164992;791887;
26401;1692164992;803148;1692164992;911921;
26281;1692164995;158968;1692164995;272040;
26250;1692164995;298002;1692164995;414340;
26285;1692164995;465119;1692164995;607081;
26328;1692164995;623210;1692164995;736133;
26282;1692164995;770258;1692164995;878342;
26394;1692164995;895857;1692164996;225397;
26254;1692164996;257420;1692164996;398100;
26349;1692164996;413551;1692164996;533256;
26242;1692164996;565051;1692164996;680268;
26344;1692164996;693362;1692164996;831918;
26343;1692164996;864772;1692164996;997108;
26301;1692164997;14966;1692164997;139001;
26297;1692164997;166948;1692164997;303515;
26281;1692164997;323328;1692164997;456360;
26365;1692164997;477912;1692164997;601670;
26320;1692164997;667985;1692164997;797544;
26283;1692164997;816389;1692164997;958122;
26437;1692164997;975431;1692164998;112038;
26317;1692164998;163738;1692164998;275125;
26330;1692164998;297714;1692164998;406836;
26324;1692164998;467433;1692164998;691045;
26330;1692164998;714447;1692164998;903799;
26379;1692164998;923396;1692164999;43853;
26285;1692164999;63531;1692164999;187104;
26370;1692164999;203341;1692164999;338485;
26314;1692164999;368437;1692164999;509409;
26340;1692164999;523733;1692164999;634335;
26346;1692164999;662871;1692164999;786628;
26313;1692164999;803450;1692164999;918508;
26304;1692164999;963325;1692165000;86390;
26355;1692165000;105318;1692165000;244896;
26244;1692165000;264398;1692165000;474784;
26338;1692165000;499158;1692165000;694339;
26337;1692165000;713791;1692165000;856649;
26302;1692165000;873816;1692165001;23393;
26255;1692165001;61872;1692165001;185067;
26337;1692165001;203590;1692165001;343746;
26392;1692165001;361358;1692165001;481016;
26263;1692165001;493369;1692165001;623297;
26335;1692165001;662951;1692165001;791058;
26289;1692165001;812518;1692165001;969396;
26335;1692165001;985227;1692165002;124109;
26312;1692165002;162171;1692165002;304519;
26283;1692165002;323527;1692165002;465248;
26370;1692165002;483471;1692165002;604130;
26302;1692165002;665480;1692165002;818444;
26325;1692165002;834306;1692165002;942854;
26281;1692165002;961532;1692165003;85923;
26319;1692165003;103432;1692165003;243102;
26345;1692165003;261790;1692165003;396253;
26245;1692165003;415823;1692165003;590632;
26350;1692165003;603414;1692165003;746483;
26366;1692165003;763540;1692165003;889584;
26216;1692165003;903712;1692165004;53670;
26332;1692165004;73492;1692165004;246595;
26390;1692165004;263997;1692165004;401788;
26251;1692165004;413410;1692165004;578165;
26300;1692165004;593618;1692165004;724602;
26288;1692165004;760363;1692165005;24022;
26366;1692165005;36695;1692165005;170584;
26310;1692165005;184840;1692165005;334992;
26284;1692165005;359506;1692165005;486513;
26258;1692165005;503844;1692165005;646584;
26281;1692165005;663654;1692165005;791178;
26351;1692165005;803857;1692165005;950369;
26344;1692165005;963979;1692165006;97766;
26302;1692165006;160409;1692165006;346432;
26207;1692165006;363720;1692165006;499107;
26295;1692165006;523188;1692165006;652351;
26349;1692165006;663617;1692165006;803427;
26300;1692165006;864664;1692165007;23738;
26324;1692165007;44204;1692165007;187415;
26291;1692165007;203707;1692165007;331234;
26251;1692165007;358926;1692165007;482977;
26315;1692165007;495740;1692165007;625627;
26315;1692165007;663150;1692165007;822284;
26321;1692165007;833478;1692165007;964061;
26289;1692165007;973915;1692165008;109583;
26258;1692165008;159175;1692165008;286601;
26394;1692165008;303821;1692165008;441509;
26290;1692165008;457556;1692165008;632695;
26286;1692165008;653507;1692165008;780541;
26220;1692165008;805279;1692165008;935569;
26335;1692165008;957347;1692165009;119645;
26303;1692165009;133992;1692165009;391796;
26293;1692165009;403645;1692165009;553604;
26265;1692165009;563660;1692165009;705964;
26264;1692165009;760150;1692165009;914859;
26323;1692165009;936215;1692165010;98469;
26252;1692165010;113415;1692165010;265502;
26304;1692165010;283755;1692165010;417795;
26232;1692165010;456805;1692165010;586559;
26291;1692165010;603447;1692165010;766539;
26348;1692165010;783599;1692165010;926116;
26311;1692165010;956421;1692165011;95776;
26390;1692165011;117239;1692165011;231672;
26314;1692165011;257340;1692165011;395761;
26220;1692165011;413556;1692165011;542924;
26331;1692165011;555858;1692165011;691879;
26354;1692165011;703634;1692165011;835919;
26335;1692165011;855791;1692165011;984970;
26289;1692165012;3603;1692165012;133762;
26361;1692165012;155720;1692165012;311581;
26328;1692165012;323528;1692165012;452020;
26273;1692165012;464027;1692165012;587019;
26307;1692165012;658461;1692165012;770326;
26271;1692165012;783828;1692165012;909432;
26278;1692165012;955575;1692165013;89357;
26309;1692165013;104526;1692165013;260804;
26246;1692165013;274933;1692165013;389732;
26281;1692165013;460541;1692165013;673148;
26223;1692165013;684765;1692165013;890854;
26301;1692165013;903712;1692165014;53181;
26302;1692165014;64130;1692165014;206096;
26391;1692165014;254513;1692165014;374767;
26290;1692165014;397464;1692165014;532788;
26270;1692165014;555800;1692165014;688416;
26314;1692165014;704785;1692165014;835231;
26325;1692165014;855793;1692165015;16965;
26265;1692165015;35363;1692165015;180885;
26271;1692165015;193546;1692165015;330984;
26199;1692165015;360391;1692165015;499134;
26290;1692165015;513486;1692165015;644319;
26325;1692165015;665817;1692165015;875037;
26347;1692165015;893630;1692165016;11495;
26234;1692165016;59414;1692165016;200129;
26274;1692165016;213602;1692165016;332581;
26267;1692165016;353936;1692165016;497811;
26255;1692165016;513817;1692165016;637699;
26302;1692165016;653708;1692165016;787555;
26276;1692165016;803721;1692165016;930997;
26225;1692165016;953998;1692165017;70909;
26243;1692165017;85631;1692165017;228105;
26334;1692165017;252756;1692165017;393319;
26259;1692165017;415392;1692165017;540931;
26272;1692165017;556253;1692165017;697674;
26276;1692165017;720988;1692165017;842339;
26272;1692165017;853684;1692165018;11097;
26300;1692165018;52653;1692165020;403585;
26248;1692165020;416063;1692165020;554004;
26334;1692165020;574616;1692165020;728701;
26273;1692165020;750904;1692165020;887804;
26316;1692165020;907208;1692165021;106095;
26320;1692165021;124577;1692165021;415498;
26304;1692165021;439383;1692165021;613623;
26281;1692165021;624026;1692165021;803333;
26222;1692165021;817805;1692165021;952919;
26252;1692165021;965069;1692165022;124988;
26266;1692165022;150188;1692165022;282480;
26230;1692165022;293742;1692165022;448462;
26294;1692165022;464276;1692165022;696869;
26239;1692165022;715110;1692165022;866782;
26351;1692165022;883801;1692165023;16947;
26334;1692165023;50032;1692165023;247746;
26249;1692165023;265354;1692165023;416336;
26387;1692165023;454899;1692165023;588082;
26253;1692165023;603555;1692165023;757022;
26271;1692165023;774076;1692165023;901535;
26293;1692165023;950677;1692165024;97068;
26235;1692165024;138322;1692165024;295487;
26293;1692165024;318210;1692165024;455881;
26271;1692165024;474005;1692165024;665891;
53083;1692165024;684078;1692165024;969746;
17729;1692165024;983753;1692165025;91725;
24120;1692165025;162105;1692165025;337270;
24163;1692165025;353623;1692165025;508318;
20770;1692165025;531191;1692165025;686671;
23735;1692165025;706210;1692165025;810822;
23473;1692165025;863484;1692165025;984724;
23230;1692165026;7700;1692165026;131804;
23113;1692165026;160018;1692165026;264372;
23063;1692165026;285106;1692165026;407871;
22852;1692165026;460280;1692165026;578696;
22603;1692165026;598176;1692165026;693539;
22439;1692165029;176537;1692165029;298618;
22460;1692165029;313578;1692165029;425964;
22435;1692165029;458430;1692165029;580234;
22457;1692165029;593942;1692165029;709848;
22414;1692165029;758542;1692165029;912697;
22460;1692165029;924942;1692165030;64185;
22460;1692165030;83775;1692165030;205488;
22455;1692165033;13673;1692165033;108552;
22453;1692165033;124614;1692165033;228376;
22449;1692165033;256364;1692165033;411760;
22417;1692165033;428438;1692165033;571780;
8229;1692165033;587231;1692165033;624389;
4180;1692165033;660944;1692165033;678287;
4925;1692165033;705242;1692165033;737574;
4925;1692165033;761198;1692165033;795591;
4925;1692165033;816368;1692165033;836361;
5229;1692165033;906256;1692165033;951173;
5229;1692165033;964325;1692165033;995182;
5229;1692165036;815197;1692165036;847745;
5229;1692165036;864582;1692165036;888009;
5007;1692165036;954064;1692165039;123920;
5007;1692165039;133793;1692165039;188050;
5043;1692165039;212840;1692165039;232602;
2840;1692165039;243966;1692165039;251445;
3447;1692165039;283768;1692165039;296152;
3483;1692165039;314282;1692165039;328645;
3483;1692165039;349976;1692165039;366843;
3483;1692165039;386683;1692165039;439369;
3478;1692165039;453974;1692165039;470635;
3478;1692165039;484300;1692165039;503832;
3478;1692165039;514152;1692165039;529885;
3478;1692165039;557142;1692165039;575096;
3478;1692165039;599811;1692165039;622276;
3478;1692165039;635021;1692165039;651945;
3485;1692165039;663983;1692165039;682503;
3493;1692165039;707200;1692165039;723521;
3493;1692165039;735238;1692165039;750911;
3491;1692165039;782226;1692165039;800232;
3491;1692165039;819369;1692165039;837462;
3511;1692165039;860249;1692165039;878772;
3511;1692165039;893914;1692165039;906115;
3563;1692165039;933559;1692165039;952438;
3559;1692165039;964278;1692165039;976087;
3592;1692165040;8448;1692165040;38352;
3592;1692165040;53897;1692165040;115368;
3622;1692165040;135390;1692165040;147048;
3676;1692165040;164186;1692165040;177776;
3710;1692165040;215577;1692165040;239908;
3736;1692165040;253937;1692165040;265610;
3781;1692165040;283891;1692165040;295501;
3781;1692165040;314028;1692165040;333673;
3777;1692165040;353974;1692165040;370277;
3777;1692165040;384931;1692165040;399104;
3758;1692165040;414739;1692165040;444854;
3758;1692165040;464140;1692165040;475678;
3758;1692165040;513849;1692165040;526593;
3758;1692165040;548985;1692165040;568294;
3758;1692165040;583845;1692165040;647148;
3758;1692165040;673985;1692165040;687241;
3758;1692165040;706601;1692165040;753058;
3758;1692165040;763922;1692165040;809183;
3758;1692165040;826300;1692165040;850194;
3758;1692165040;863868;1692165040;877407;
3758;1692165040;909404;1692165040;926658;
3758;1692165040;948481;1692165040;969013;
3758;1692165040;985936;1692165040;999349;
3758;1692165041;14351;1692165041;29085;
3758;1692165041;58951;1692165041;77390;
3758;1692165041;93852;1692165041;111443;
3758;1692165041;139228;1692165041;162538;
3758;1692165041;173834;1692165041;188229;
3758;1692165041;210883;1692165041;224158;
3758;1692165041;251233;1692165041;267913;
3758;1692165041;285760;1692165041;301996;
3758;1692165041;317915;1692165041;357559;
3758;1692165041;374719;1692165041;390916;
3758;1692165041;415009;1692165041;432411;
3758;1692165041;445068;1692165041;464872;
3758;1692165041;486854;1692165041;497817;
3758;1692165041;513821;1692165041;528073;
3758;1692165041;562864;1692165041;581033;
3758;1692165041;594719;1692165041;615291;
3758;1692165041;638164;1692165041;653632;
3758;1692165041;673793;1692165041;694060;
3758;1692165041;708313;1692165041;725802;
3758;1692165041;743998;1692165041;768769;
3758;1692165041;784707;1692165041;795712;
3758;1692165041;833339;1692165041;845571;
3758;1692165041;864331;1692165041;878726;
3758;1692165041;907482;1692165041;919068;
3758;1692165041;935438;1692165041;950808;
3758;1692165041;966648;1692165041;992625;
3758;1692165042;15717;1692165042;27857;
3758;1692165042;44112;1692165042;61075;
3758;1692165042;83635;1692165042;97755;
3758;1692165042;114088;1692165042;139850;
3758;1692165042;156173;1692165042;177471;
3758;1692165042;193960;1692165042;214197;
3758;1692165042;234156;1692165042;250078;
3758;1692165042;284508;1692165042;301434;
3758;1692165042;313963;1692165042;326451;
3758;1692165042;357705;1692165042;376489;
3758;1692165042;394128;1692165042;408884;
3758;1692165042;432610;1692165042;449973;
3758;1692165042;472019;1692165042;488233;
3758;1692165042;505946;1692165042;527536;
3758;1692165042;545263;1692165042;565031;
3758;1692165042;584143;1692165042;601730;
3758;1692165042;614056;1692165042;625318;
3758;1692165042;656380;1692165042;704806;
3758;1692165042;724116;1692165042;735538;
3758;1692165042;759720;1692165042;777713;
3758;1692165042;802144;1692165042;830501;
3758;1692165042;843918;1692165042;856826;
3758;1692165042;881596;1692165042;898946;
3758;1692165042;913980;1692165042;932913;
3758;1692165042;959519;1692165042;975796;
3758;1692165042;994085;1692165043;15391;
3758;1692165043;34198;1692165043;49224;
3758;1692165043;68688;1692165043;87109;
3758;1692165043;106506;1692165043;121500;
3758;1692165043;133893;1692165043;187325;
81521;1692165043;257034;1692165043;759976;
12124;1692165043;778723;1692165043;843053;
14383;1692165043;854577;1692165043;935343;
14340;1692165043;954822;1692165044;38586;
14272;1692165044;53949;1692165044;131274;
14253;1692165044;147090;1692165044;219607;
14120;1692165044;234195;1692165044;306034;
14043;1692165044;326358;1692165044;409425;
14037;1692165044;424596;1692165044;526626;
14042;1692165044;544405;1692165044;603324;
14033;1692165044;613943;1692165044;686108;
14027;1692165044;704215;1692165044;789869;
14059;1692165044;804819;1692165044;883559;
14003;1692165044;894005;1692165044;974948;
14032;1692165044;995000;1692165045;65868;
14048;1692165045;85971;1692165045;168402;
14059;1692165045;184062;1692165045;245214;
14042;1692165045;264675;1692165045;321243;
14060;1692165045;356032;1692165045;448513;
14043;1692165045;465498;1692165045;539392;
14023;1692165045;553991;1692165045;708826;
14070;1692165045;723841;1692165045;842948;
14022;1692165045;858132;1692165045;936829;
14058;1692165045;960237;1692165046;32597;
14075;1692165046;54468;1692165046;124706;
14050;1692165046;144283;1692165046;208539;
14045;1692165046;253166;1692165046;344343;
14039;1692165046;355098;1692165046;449064;
14058;1692165046;472500;1692165046;552665;
14031;1692165046;564069;1692165046;649444;
14046;1692165046;663980;1692165046;755162;
14009;1692165046;774812;1692165046;856771;
14037;1692165046;873873;1692165046;964403;
14041;1692165046;984517;1692165047;79663;
14031;1692165047;96655;1692165047;329133;
14061;1692165047;344238;1692165047;451815;
171810;1692165047;546997;1692165048;453406;
20532;1692165048;464482;1692165048;558720;
27977;1692165048;647519;1692165048;790458;
28209;1692165048;804073;1692165049;115663;
27705;1692165049;134590;1692165049;394600;
27046;1692165049;421528;1692165049;549145;
26676;1692165049;565326;1692165049;691875;
26480;1692165049;745183;1692165049;876400;
26401;1692165049;893997;1692165050;70854;
26430;1692165050;84017;1692165050;264548;
26419;1692165050;284068;1692165050;436025;
26495;1692165050;454230;1692165050;602867;
26427;1692165050;666133;1692165050;819135;
26495;1692165050;834150;1692165050;970212;
26383;1692165050;994508;1692165051;138275;
26431;1692165051;153781;1692165051;263146;
26510;1692165051;349550;1692165051;526686;
26385;1692165051;545884;1692165051;696693;
26518;1692165051;717383;1692165051;895736;
26516;1692165051;913997;1692165052;45798;
26535;1692165052;64300;1692165052;191215;
26387;1692165052;242288;1692165052;371750;
26437;1692165052;384382;1692165052;534837;
26471;1692165052;554436;1692165052;711437;
26470;1692165052;741466;1692165052;856756;
26386;1692165052;875544;1692165053;37591;
26443;1692165053;53914;1692165053;183907;
26446;1692165056;184403;1692165056;323980;
26486;1692165056;334180;1692165056;460060;
26482;1692165056;474186;1692165056;606036;
26496;1692165056;641219;1692165056;806976;
26378;1692165056;824947;1692165056;957573;
26409;1692165056;974176;1692165057;116781;
26490;1692165057;142680;1692165057;265802;
26456;1692165057;286282;1692165057;416695;
26409;1692165057;439441;1692165057;582306;
26497;1692165057;597835;1692165057;827917;
26441;1692165057;850190;1692165057;967690;
26431;1692165058;53716;1692165058;192339;
26455;1692165058;208358;1692165058;344085;
26451;1692165058;365975;1692165058;492553;
26492;1692165058;542672;1692165058;679712;
26442;1692165058;705638;1692165058;887722;
26469;1692165058;904207;1692165059;45653;
26442;1692165059;64171;1692165059;211531;
26412;1692165059;238114;1692165059;395468;
26489;1692165059;416588;1692165059;550160;
26441;1692165059;570745;1692165059;712290;
26431;1692165059;737725;1692165059;878176;
26546;1692165059;894008;1692165060;46442;
26438;1692165060;64436;1692165060;198481;
26424;1692165060;247191;1692165060;382331;
26492;1692165060;394089;1692165060;597530;
22318;1692165060;615270;1692165060;745278;
17709;1692165060;767467;1692165060;865708;
24275;1692165060;951696;1692165061;100148;
24222;1692165061;115614;1692165061;249329;
20688;1692165061;264246;1692165061;389115;
23694;1692165061;450654;1692165061;569463;
23688;1692165061;594165;1692165061;747609;
23433;1692165061;764163;1692165061;878494;
23164;1692165061;950306;1692165062;143180;
22988;1692165062;164115;1692165062;297441;
22821;1692165062;348909;1692165062;479164;
22679;1692165062;494715;1692165062;601976;
22390;1692165062;651625;1692165062;778539;
22388;1692165062;794479;1692165062;915101;
22424;1692165062;948294;1692165063;57163;
22356;1692165063;77070;1692165063;195411;
22397;1692165065;566369;1692165065;689274;
22333;1692165065;704374;1692165065;832555;
22346;1692165065;854355;1692165065;954196;
22335;1692165065;965262;1692165066;82346;
22376;1692165066;148629;1692165066;330015;
22363;1692165066;344723;1692165066;527523;
22405;1692165066;544561;1692165066;701792;
22389;1692165066;727158;1692165066;826154;
22337;1692165066;845976;1692165066;945500;
22404;1692165066;974635;1692165067;84664;
22388;1692165069;219942;1692165069;333760;
22397;1692165069;344437;1692165069;482735;
22372;1692165069;496450;1692165069;602101;
22358;1692165069;647442;1692165069;750021;
22353;1692165069;764453;1692165069;910684;
5969;1692165069;932986;1692165069;976230;
4185;1692165070;20502;1692165070;39246;
4923;1692165070;70584;1692165070;90143;
4923;1692165070;120371;1692165070;149336;
4923;1692165070;170202;1692165070;188908;
4923;1692165070;220569;1692165070;244115;
5969;1692165070;270508;1692165070;300312;
5969;1692165070;326942;1692165070;361769;
5969;1692165070;379256;1692165070;407107;
5969;1692165070;471287;1692165070;522927;
5969;1692165070;536612;1692165070;562046;
5969;1692165070;627582;1692165070;824955;
5969;1692165070;844244;1692165070;883847;
5083;1692165070;919851;1692165070;940660;
5083;1692165070;972677;1692165070;987408;
5083;1692165071;20031;1692165071;63106;
5083;1692165071;76566;1692165071;94537;
5083;1692165071;172395;1692165073;276261;
5083;1692165073;302635;1692165073;323362;
5083;1692165073;368934;1692165073;397642;
5083;1692165073;418913;1692165073;439573;
5083;1692165073;471804;1692165073;509874;
5083;1692165073;547271;1692165073;577987;
5083;1692165073;621681;1692165073;645003;
5083;1692165073;672753;1692165073;699857;
5083;1692165073;725147;1692165073;761834;
5083;1692165073;774577;1692165073;829672;
3459;1692165073;849462;1692165073;861104;
3459;1692165073;874565;1692165073;891174;
2813;1692165073;906935;1692165073;918254;
3459;1692165073;956706;1692165073;971505;
3468;1692165073;984219;1692165074;5040;
3468;1692165074;42560;1692165074;59396;
3461;1692165074;74925;1692165074;104987;
3461;1692165074;127353;1692165074;147273;
3461;1692165074;164347;1692165074;175705;
3461;1692165074;199852;1692165074;217648;
3483;1692165074;235372;1692165074;247627;
3476;1692165074;274158;1692165074;288959;
3476;1692165074;304397;1692165074;315851;
3476;1692165074;349250;1692165074;360380;
3476;1692165074;374379;1692165074;408536;
3476;1692165074;424961;1692165074;445102;
3473;1692165074;466774;1692165074;482367;
3466;1692165074;503393;1692165074;520157;
3508;1692165074;544786;1692165074;557461;
3516;1692165074;574753;1692165074;586440;
3532;1692165074;605059;1692165074;617235;
3563;1692165074;634294;1692165074;647391;
3577;1692165074;674430;1692165074;686745;
3609;1692165074;704473;1692165074;718801;
3623;1692165074;735386;1692165074;755674;
3654;1692165074;774382;1692165074;786024;
3654;1692165074;804608;1692165074;847419;
3681;1692165074;866924;1692165074;883495;
3708;1692165074;899397;1692165074;912968;
3737;1692165074;924340;1692165074;944802;
3753;1692165074;964732;1692165074;979843;
3753;1692165075;667;1692165075;12511;
3786;1692165075;26070;1692165075;37080;
3786;1692165075;56866;1692165075;70745;
3786;1692165075;84394;1692165075;96661;
3786;1692165075;125439;1692165075;137534;
3786;1692165075;154990;1692165075;168463;
3786;1692165075;185374;1692165075;225840;
3786;1692165075;248414;1692165075;262133;
3786;1692165075;274780;1692165075;288280;
3786;1692165075;309327;1692165075;339519;
3786;1692165075;360476;1692165075;376544;
3786;1692165075;400297;1692165075;421169;
3786;1692165075;435656;1692165075;458478;
3786;1692165075;474370;1692165075;486064;
3786;1692165075;504542;1692165075;517437;
3786;1692165075;537326;1692165075;548817;
3786;1692165075;575325;1692165075;587757;
3786;1692165075;604943;1692165075;617963;
3786;1692165075;653221;1692165075;678555;
3786;1692165075;710709;1692165075;743413;
3786;1692165075;765542;1692165075;808769;
3786;1692165075;824531;1692165075;838590;
3786;1692165075;857889;1692165075;898280;
3786;1692165075;914252;1692165075;927300;
3786;1692165075;950597;1692165075;963845;
3786;1692165075;984601;1692165075;997469;
3786;1692165076;25431;1692165076;36510;
3786;1692165076;57899;1692165076;77218;
3786;1692165076;96170;1692165076;115313;
3786;1692165076;135240;1692165076;160261;
3786;1692165076;174597;1692165076;189379;
3786;1692165076;204733;1692165076;221493;
3786;1692165076;249339;1692165076;263836;
3786;1692165076;274498;1692165076;298057;
3786;1692165076;323457;1692165076;337807;
3786;1692165076;354732;1692165076;377168;
3786;1692165076;394794;1692165076;406068;
3786;1692165076;425398;1692165076;438166;
3786;1692165076;454462;1692165076;489953;
3786;1692165076;508737;1692165076;521219;
3786;1692165076;548181;1692165076;578614;
3786;1692165076;594605;1692165076;620602;
3786;1692165076;635235;1692165076;657470;
3786;1692165076;677089;1692165076;702217;
3786;1692165076;716075;1692165076;728618;
3786;1692165076;748428;1692165076;760070;
3786;1692165076;774325;1692165076;793056;
3786;1692165076;806386;1692165076;818808;
3786;1692165076;847842;1692165076;861619;
3786;1692165076;877658;1692165076;888982;
3786;1692165076;908909;1692165076;920453;
3786;1692165076;949896;1692165076;963505;
3786;1692165076;974528;1692165076;992263;
3786;1692165077;23081;1692165077;35044;
3786;1692165077;57188;1692165077;73803;
3786;1692165077;94781;1692165077;122545;
3786;1692165077;139615;1692165077;179562;
3786;1692165077;200011;1692165077;217685;
3786;1692165077;234561;1692165077;258461;
3786;1692165077;274383;1692165077;288502;
3786;1692165077;305481;1692165077;324137;
3786;1692165077;347784;1692165077;359866;
3786;1692165077;374512;1692165077;387039;
3786;1692165077;404509;1692165077;421147;
3786;1692165077;435255;1692165077;446593;
3786;1692165077;472884;1692165077;487270;
3786;1692165077;504300;1692165077;525969;
3786;1692165077;556251;1692165077;576274;
3786;1692165077;594422;1692165077;626584;
3786;1692165077;644289;1692165077;659979;
3786;1692165077;688794;1692165077;711944;
3786;1692165077;735819;1692165077;750199;
3786;1692165077;801823;1692165077;814369;
3786;1692165077;848192;1692165077;901166;
12084;1692165078;24568;1692165078;121407;
12072;1692165078;144335;1692165078;194221;
13314;1692165078;221333;1692165078;319077;
13313;1692165078;334673;1692165078;409993;
14481;1692165078;424857;1692165078;498416;
14422;1692165078;514584;1692165078;584413;
14387;1692165078;604496;1692165078;686696;
14317;1692165078;704324;1692165078;790269;
14281;1692165078;804229;1692165078;874658;
14226;1692165078;895123;1692165078;970787;
14155;1692165078;986086;1692165079;61418;
14031;1692165079;74523;1692165079;128607;
14027;1692165079;170799;1692165079;250981;
14077;1692165079;264543;1692165079;330562;
14055;1692165079;344615;1692165079;436643;
14059;1692165079;455804;1692165079;532859;
14044;1692165079;554896;1692165079;744473;
14061;1692165079;765195;1692165079;827647;
14024;1692165079;845550;1692165079;916702;
14052;1692165079;934521;1692165080;14514;
14032;1692165080;34416;1692165080;95212;
14047;1692165080;121735;1692165080;190528;
14050;1692165080;204420;1692165080;301092;
14019;1692165080;314638;1692165080;381147;
14011;1692165080;394291;1692165080;456663;
14033;1692165080;474585;1692165080;552032;
14021;1692165080;566513;1692165080;637772;
14048;1692165080;657391;1692165080;747715;
14032;1692165080;768103;1692165080;844858;
14055;1692165080;867349;1692165080;936178;
14019;1692165080;954687;1692165081;95999;
13997;1692165081;114638;1692165081;191812;
14044;1692165081;210998;1692165081;295285;
14053;1692165081;315226;1692165081;392520;
14002;1692165081;408659;1692165081;503885;
14045;1692165081;524589;1692165081;601335;
14022;1692165081;626570;1692165081;701091;
14022;1692165081;715501;1692165081;776396;
14037;1692165081;797308;1692165081;874114;
14033;1692165081;887183;1692165081;987382;
101910;1692165082;122082;1692165082;771699;
17661;1692165082;785768;1692165082;886190;
23654;1692165082;914562;1692165083;46423;
23654;1692165083;64930;1692165083;181284;
23407;1692165083;217495;1692165083;358614;
23146;1692165083;375634;1692165083;571224;
22970;1692165083;590819;1692165083;706774;
22817;1692165083;724438;1692165083;891562;
22716;1692165083;913884;1692165084;18764;
22665;1692165084;34731;1692165084;142331;
22445;1692165084;219987;1692165084;406269;
22327;1692165084;424600;1692165084;533602;
22296;1692165084;632735;1692165084;791050;
22394;1692165084;804538;1692165084;907527;
22347;1692165084;924390;1692165085;45305;
22299;1692165087;835634;1692165087;965991;
22395;1692165087;984498;1692165088;92952;
22301;1692165088;111123;1692165088;220479;
22277;1692165088;241272;1692165088;340114;
22327;1692165088;436135;1692165088;603043;
22273;1692165088;640830;1692165088;750603;
22259;1692165091;160058;1692165091;282189;
22271;1692165091;294338;1692165091;388526;
22365;1692165091;411587;1692165091;519929;
22349;1692165091;534876;1692165091;678378;
22302;1692165091;709275;1692165091;814194;
22367;1692165091;836676;1692165091;956188;
22337;1692165094;388721;1692165094;556193;
22405;1692165094;574536;1692165094;693875;
9400;1692165094;704499;1692165094;751343;
9002;1692165094;765032;1692165094;807415;
9849;1692165094;859159;1692165094;903189;
9881;1692165094;915415;1692165094;966017;
9853;1692165095;17222;1692165095;64027;
9792;1692165095;74794;1692165095;112873;
9757;1692165095;159217;1692165095;204701;
9780;1692165095;230531;1692165095;301375;
9725;1692165095;320145;1692165095;371756;
9685;1692165095;408978;1692165095;496503;
9625;1692165095;518379;1692165095;570633;
9567;1692165095;584949;1692165095;650069;
9588;1692165095;664961;1692165095;713527;
9531;1692165095;760678;1692165095;816450;
9522;1692165095;834608;1692165095;874932;
9559;1692165095;908737;1692165095;958040;
9540;1692165095;974654;1692165096;17941;
9516;1692165096;58531;1692165096;114578;
9542;1692165096;137568;1692165096;183241;
9565;1692165096;208191;1692165096;268782;
9537;1692165096;284586;1692165096;325291;
9525;1692165096;362218;1692165096;412804;
9531;1692165096;424490;1692165096;474740;
9540;1692165096;509920;1692165096;550264;
9547;1692165096;567125;1692165096;610454;
9549;1692165096;664601;1692165096;705971;
9516;1692165096;724471;1692165096;765946;
9556;1692165096;808518;1692165096;854367;
9506;1692165096;876803;1692165096;910553;
9529;1692165096;960894;1692165097;5202;
9559;1692165097;24864;1692165097;82679;
9552;1692165097;108022;1692165097;160901;
9518;1692165097;175343;1692165097;285152;
9556;1692165097;305653;1692165097;352864;
9535;1692165097;370125;1692165097;430895;
9564;1692165097;458308;1692165097;525783;
9565;1692165097;545181;1692165097;611431;
9549;1692165097;624518;1692165097;688101;
9539;1692165097;707875;1692165097;745442;
9523;1692165097;765712;1692165097;817702;
9553;1692165097;835764;1692165097;888646;
9547;1692165097;907734;1692165097;959914;
9518;1692165097;976740;1692165098;19138;
9531;1692165098;57882;1692165098;98346;
9539;1692165098;116105;1692165098;169052;
9540;1692165098;209001;1692165098;272015;
9551;1692165098;287473;1692165098;385257;
9519;1692165098;404732;1692165098;459681;
9550;1692165098;478708;1692165098;530148;
9522;1692165098;559008;1692165098;599976;
9537;1692165098;615833;1692165098;655621;
9533;1692165098;709352;1692165098;760101;
9540;1692165098;774788;1692165098;823618;
9543;1692165098;886538;1692165098;991321;
9554;1692165099;15012;1692165099;68343;
9519;1692165099;86125;1692165099;130569;
9542;1692165099;159632;1692165099;199613;
9532;1692165099;216670;1692165099;266739;
9549;1692165099;307172;1692165099;359257;
9531;1692165099;374569;1692165099;426675;
9526;1692165099;457147;1692165099;493291;
9524;1692165099;507195;1692165099;548379;
9547;1692165099;564564;1692165099;610644;
9526;1692165099;658920;1692165099;712266;
9562;1692165099;724506;1692165099;766313;
9535;1692165099;807281;1692165099;864469;
9550;1692165099;875124;1692165099;910940;
9561;1692165099;957268;1692165099;996788;
9536;1692165100;14587;1692165100;62209;
9524;1692165100;106950;1692165100;180954;
20402;1692165100;338522;1692165100;438328;
20384;1692165100;454733;1692165100;555617;
29902;1692165102;706735;1692165102;860701;
29290;1692165102;880071;1692165103;30675;
26362;1692165103;45059;1692165103;160538;
26313;1692165103;238171;1692165103;410231;
26380;1692165103;428096;1692165103;567757;
26361;1692165103;587566;1692165103;708487;
26424;1692165103;735729;1692165103;865854;
26284;1692165103;892624;1692165104;21539;
26326;1692165104;37205;1692165104;160436;
26361;1692165104;177073;1692165104;360665;
43604;1692165104;375697;1692165104;609704;
17688;1692165104;628720;1692165104;753227;
24189;1692165104;764530;1692165104;943487;
24137;1692165104;955474;1692165105;51252;
20795;1692165105;150132;1692165105;265228;
20837;1692165105;287305;1692165105;393536;
23604;1692165107;981692;1692165108;113614;
23423;1692165108;128417;1692165108;263615;
22399;1692165108;275973;1692165108;437047;
3567;1692165108;458726;1692165108;474299;
3567;1692165108;494988;1692165108;510688;
3567;1692165108;527519;1692165108;549399;
3567;1692165108;566489;1692165108;578892;
3567;1692165108;599044;1692165108;633337;
3567;1692165108;655053;1692165108;667992;
3567;1692165108;691315;1692165108;703742;
3567;1692165108;729884;1692165108;761294;
3567;1692165108;777421;1692165108;797694;
3567;1692165108;817730;1692165108;834830;
3567;1692165108;859476;1692165108;872872;
3567;1692165108;891461;1692165108;909038;
3567;1692165108;925025;1692165108;947664;
3567;1692165108;967563;1692165108;997360;
3567;1692165109;15421;1692165109;35300;
3567;1692165109;55058;1692165109;87677;
3567;1692165109;107882;1692165109;154096;
3571;1692165109;179388;1692165109;206347;
3604;1692165109;224693;1692165109;236432;
3627;1692165109;267996;1692165109;279105;
3682;1692165109;294910;1692165109;312994;
3682;1692165109;337808;1692165109;367558;
3697;1692165109;385369;1692165109;400955;
3740;1692165109;416235;1692165109;433100;
3756;1692165109;453881;1692165109;482773;
3794;1692165109;496014;1692165109;512635;
3794;1692165109;541452;1692165109;562343;
3794;1692165109;585156;1692165109;596593;
3794;1692165109;618443;1692165109;632335;
3794;1692165109;654636;1692165109;682013;
3794;1692165109;704745;1692165109;716345;
3794;1692165109;741827;1692165109;756236;
3794;1692165109;778864;1692165109;790097;
3794;1692165109;819620;1692165109;840818;
3794;1692165109;855031;1692165109;872342;
3794;1692165109;892773;1692165109;905628;
3794;1692165109;925526;1692165109;955508;
3794;1692165109;975031;1692165109;994839;
3794;1692165110;15824;1692165110;30289;
3794;1692165110;46729;1692165110;59925;
3794;1692165110;90756;1692165110;102677;
3794;1692165110;116231;1692165110;139515;
3794;1692165110;154770;1692165110;170958;
3794;1692165110;191953;1692165110;203645;
3794;1692165110;228680;1692165110;242301;
3794;1692165110;254813;1692165110;275580;
3794;1692165110;304773;1692165110;317312;
3794;1692165110;340790;1692165110;357430;
3794;1692165110;374829;1692165110;395239;
3794;1692165110;415671;1692165110;433909;
3794;1692165110;455673;1692165110;475663;
3794;1692165110;495185;1692165110;514871;
3794;1692165110;536274;1692165110;548144;
3794;1692165110;566477;1692165110;583243;
3794;1692165110;604899;1692165110;617894;
3794;1692165110;640617;1692165110;654212;
3794;1692165110;665644;1692165110;678165;
3794;1692165110;695082;1692165110;711351;
3794;1692165110;725279;1692165110;743316;
3794;1692165110;766573;1692165110;790751;
3794;1692165110;804571;1692165110;816541;
3794;1692165110;842038;1692165110;859851;
3794;1692165110;874761;1692165110;904627;
3794;1692165110;924820;1692165110;969889;
3794;1692165111;8517;1692165111;28191;
3794;1692165111;46659;1692165111;61940;
3794;1692165111;74850;1692165111;100210;
3794;1692165111;115383;1692165111;132419;
3794;1692165111;144779;1692165111;165214;
3794;1692165111;190561;1692165111;213413;
3794;1692165111;225375;1692165111;250381;
3794;1692165111;267838;1692165111;287675;
3794;1692165111;307594;1692165111;322956;
3794;1692165111;340215;1692165111;359572;
3794;1692165111;374847;1692165111;386728;
3794;1692165111;417736;1692165111;430404;
3794;1692165111;444613;1692165111;459856;
3794;1692165111;491324;1692165111;512777;
3794;1692165111;524749;1692165111;539129;
3794;1692165111;565155;1692165111;586503;
3794;1692165111;604857;1692165111;641095;
3794;1692165111;654939;1692165111;671878;
3794;1692165111;691164;1692165111;709091;
3794;1692165111;724634;1692165111;737093;
3794;1692165111;765684;1692165111;777215;
3794;1692165111;804930;1692165111;819438;
3794;1692165111;836289;1692165111;918790;
3794;1692165111;946008;1692165111;960997;
3794;1692165111;974578;1692165111;989221;
3794;1692165112;15562;1692165112;30427;
3794;1692165112;45317;1692165112;61023;
3794;1692165112;90071;1692165112;103799;
3794;1692165112;115098;1692165112;141063;
3794;1692165112;154796;1692165112;169012;
3794;1692165112;192175;1692165112;217341;
3794;1692165112;234677;1692165112;255359;
3794;1692165112;281398;1692165112;337177;
12078;1692165112;469975;1692165112;531718;
14000;1692165112;583179;1692165112;675136;
13297;1692165112;701571;1692165112;789609;
14508;1692165112;808883;1692165112;916893;
14489;1692165112;934831;1692165113;47976;
14329;1692165113;65817;1692165113;147522;
14268;1692165113;164827;1692165113;224984;
14242;1692165113;244991;1692165113;343412;
14176;1692165113;364845;1692165113;438813;
14057;1692165113;457904;1692165113;515213;
14076;1692165113;535303;1692165113;609926;
13981;1692165113;625014;1692165113;708998;
13990;1692165113;726302;1692165113;799537;
14000;1692165113;820313;1692165113;884138;
13959;1692165113;905381;1692165113;994713;
13971;1692165114;16879;1692165114;82716;
13958;1692165114;94703;1692165114;174577;
13967;1692165114;198804;1692165114;272920;
14000;1692165114;284888;1692165114;348220;
14012;1692165114;366549;1692165114;444590;
14026;1692165114;466659;1692165114;538920;
14000;1692165114;554765;1692165114;623911;
13963;1692165114;634905;1692165114;704875;
13973;1692165114;726438;1692165114;815073;
13986;1692165114;839114;1692165114;900101;
13986;1692165114;914940;1692165115;9622;
13984;1692165115;25746;1692165115;91891;
14009;1692165115;112062;1692165115;185291;
14000;1692165115;204797;1692165115;263350;
13989;1692165115;277119;1692165115;349902;
13986;1692165115;364860;1692165115;429135;
13950;1692165115;444658;1692165115;523743;
13998;1692165115;537941;1692165115;593325;
13965;1692165115;614283;1692165115;695998;
13984;1692165115;718761;1692165115;781202;
14002;1692165115;798154;1692165115;865890;
13967;1692165115;889652;1692165115;990015;
13986;1692165116;4851;1692165116;82744;
14008;1692165116;95857;1692165116;161794;
13954;1692165116;174764;1692165116;337114;
13997;1692165116;355354;1692165116;449032;
17547;1692165116;604183;1692165116;705655;
17593;1692165116;724724;1692165116;808658;
24256;1692165116;900060;1692165117;61076;
24124;1692165117;74740;1692165117;207619;
20725;1692165117;226486;1692165117;329395;
23668;1692165117;399788;1692165117;608466;
23804;1692165117;625902;1692165117;808380;
23215;1692165117;825009;1692165117;954762;
23116;1692165118;9247;1692165118;117253;
22992;1692165118;137822;1692165118;285029;
22742;1692165118;304993;1692165118;437828;
22543;1692165118;456427;1692165118;598065;
22407;1692165118;614801;1692165118;791172;
22337;1692165118;804746;1692165118;972587;
22364;1692165118;997254;1692165119;89747;
22347;1692165119;104739;1692165119;244962;
22368;1692165122;147746;1692165122;243981;
22343;1692165122;256016;1692165122;430738;
22349;1692165122;445519;1692165122;559695;
22379;1692165122;596607;1692165122;740872;
22428;1692165122;755485;1692165122;874629;
22382;1692165122;896096;1692165123;15814;
22400;1692165123;34857;1692165123;157506;
22378;1692165123;195098;1692165123;326342;
22433;1692165123;349701;1692165123;521026;
22417;1692165123;535066;1692165123;640654;
22409;1692165123;696844;1692165123;826572;
22387;1692165123;845134;1692165123;983527;
22397;1692165124;4881;1692165124;153458;
22354;1692165124;198342;1692165124;315407;
22469;1692165124;339438;1692165124;468509;
22339;1692165124;494361;1692165124;609456;
22349;1692165124;626311;1692165124;736805;
22366;1692165124;794616;1692165124;979282;
22366;1692165124;995192;1692165125;171253;
22362;1692165125;185005;1692165125;349630;
22298;1692165125;365258;1692165125;489675;
22375;1692165125;505680;1692165125;608021;
22359;1692165125;699113;1692165125;835079;
22382;1692165125;855472;1692165125;980472;
22396;1692165125;997052;1692165126;151548;
22407;1692165126;175136;1692165126;291830;
22414;1692165126;308576;1692165126;424648;
22417;1692165126;496192;1692165126;615877;
22367;1692165126;635643;1692165126;783587;
22342;1692165126;794977;1692165126;916528;
22393;1692165126;992993;1692165127;122358;
22432;1692165127;135582;1692165127;463012;
22425;1692165127;475149;1692165127;599272;
22377;1692165127;617379;1692165127;748966;
22377;1692165127;794033;1692165127;949640;
22384;1692165127;966754;1692165128;124258;
22422;1692165128;135048;1692165128;232491;
22371;1692165128;294259;1692165128;487622;
22384;1692165128;525274;1692165128;664104;
22365;1692165128;692065;1692165128;839884;
22332;1692165128;854957;1692165128;985011;
22395;1692165129;7435;1692165129;120682;
22430;1692165131;905408;1692165132;22420;
22392;1692165132;45197;1692165132;193012;
14459;1692165132;205913;1692165132;285056;
12182;1692165132;305211;1692165132;353110;
14718;1692165132;365287;1692165132;428541;
13975;1692165132;450578;1692165132;513595;
13994;1692165132;525550;1692165132;603914;
13269;1692165132;625912;1692165132;686905;
14509;1692165132;705475;1692165132;791260;
14472;1692165132;808986;1692165132;877583;
14438;1692165132;899751;1692165132;972999;
14344;1692165132;985372;1692165133;69240;
14309;1692165133;86708;1692165133;144385;
14255;1692165133;165169;1692165133;227617;
14158;1692165133;249174;1692165133;323644;
14154;1692165133;335664;1692165133;401422;
14046;1692165133;414911;1692165133;493469;
14047;1692165133;504888;1692165133;573700;
13978;1692165133;601424;1692165133;667715;
13977;1692165133;685634;1692165133;757703;
13971;1692165133;775716;1692165133;926755;
13971;1692165133;944937;1692165134;11345;
14013;1692165134;25659;1692165134;107512;
14003;1692165134;127388;1692165134;205938;
13961;1692165134;226212;1692165134;305873;
13971;1692165134;325077;1692165134;396945;
13990;1692165134;417598;1692165134;483294;
14005;1692165134;505227;1692165134;587985;
14017;1692165134;605295;1692165134;686486;
13964;1692165134;705524;1692165134;769269;
13980;1692165134;784999;1692165134;840511;
13971;1692165134;855266;1692165134;908459;
14018;1692165134;952302;1692165135;12112;
14006;1692165135;24970;1692165135;121729;
13988;1692165135;135108;1692165135;234160;
14006;1692165135;255155;1692165135;316718;
13981;1692165135;335286;1692165135;406642;
13980;1692165135;425056;1692165135;489694;
13975;1692165135;505939;1692165135;591538;
13994;1692165135;605386;1692165135;679356;
13973;1692165135;698270;1692165135;762172;
13978;1692165135;790680;1692165135;855168;
14002;1692165135;875284;1692165135;947561;
13991;1692165135;965538;1692165136;40250;
13978;1692165136;56008;1692165136;188110;
26709;1692165136;205146;1692165136;352661;
20719;1692165136;380856;1692165136;482590;
20714;1692165136;497940;1692165136;655259;
29721;1692165136;678110;1692165136;848375;
29000;1692165136;867338;1692165137;19161;
24391;1692165137;35033;1692165137;157348;
28432;1692165137;177775;1692165137;387594;
28384;1692165137;405784;1692165137;551579;
27678;1692165137;585965;1692165137;747866;
27695;1692165137;765085;1692165137;891420;
27289;1692165137;908342;1692165138;80001;
26993;1692165138;97036;1692165138;264103;
26780;1692165138;288479;1692165138;444543;
26420;1692165138;468419;1692165138;599658;
26373;1692165138;617019;1692165138;740927;
26346;1692165138;776872;1692165138;944375;
26371;1692165138;965446;1692165139;99564;
26409;1692165139;115103;1692165139;243856;
26291;1692165139;276580;1692165139;403324;
26367;1692165139;415793;1692165139;575601;
26441;1692165139;594995;1692165139;739421;
26492;1692165139;792199;1692165139;940717;
26479;1692165139;955107;1692165140;87906;
26397;1692165140;105120;1692165140;251738;
26364;1692165140;276634;1692165140;448858;
26397;1692165140;465212;1692165140;600805;
26348;1692165140;615053;1692165140;742079;
26421;1692165140;775584;1692165140;919046;
26381;1692165140;940672;1692165141;131709;
26400;1692165141;145184;1692165141;277371;
26490;1692165141;299422;1692165141;416826;
26471;1692165141;475803;1692165141;605198;
26406;1692165141;626075;1692165141;755877;
26447;1692165141;781571;1692165141;909785;
26415;1692165141;925705;1692165142;52485;
26354;1692165142;74754;1692165142;203210;
26466;1692165142;219441;1692165142;351871;
26416;1692165142;374545;1692165142;519048;
26409;1692165142;540032;1692165142;799004;
26418;1692165142;815135;1692165142;965004;
26367;1692165142;985569;1692165143;111696;
26394;1692165143;177220;1692165143;482598;
26378;1692165143;495729;1692165143;630074;
26431;1692165143;674155;1692165143;814323;
26363;1692165143;829146;1692165144;46535;
26468;1692165144;72820;1692165144;228342;
26424;1692165144;245145;1692165144;408313;
14486;1692165144;425541;1692165144;505295;
12166;1692165144;525636;1692165144;577572;
14630;1692165144;596426;1692165144;682640;
14016;1692165144;705961;1692165144;763831;
13290;1692165144;800624;1692165144;854985;
14501;1692165144;885681;1692165144;969714;
14483;1692165144;989127;1692165145;73863;
14444;1692165145;85441;1692165145;171674;
14398;1692165145;189207;1692165145;256854;
14325;1692165145;275172;1692165145;349391;
14229;1692165145;365133;1692165145;456333;
14131;1692165145;476916;1692165145;539686;
14041;1692165145;555469;1692165145;621124;
14040;1692165145;645865;1692165145;706724;
14036;1692165145;725352;1692165145;780533;
14014;1692165145;796752;1692165145;872975;
14013;1692165145;886895;1692165145;946380;
13984;1692165145;965986;1692165146;46585;
14004;1692165146;66755;1692165146;136731;
14011;1692165146;156724;1692165146;219149;
14013;1692165146;246198;1692165146;299808;
13999;1692165146;315613;1692165146;387616;
14011;1692165146;411218;1692165146;491054;
13979;1692165146;506149;1692165146;586675;
13982;1692165146;605053;1692165146;666319;
13999;1692165146;695344;1692165146;777944;
14020;1692165146;797230;1692165146;877652;
13971;1692165146;898340;1692165146;959829;
13992;1692165146;988380;1692165147;86916;
14008;1692165147;105133;1692165147;186706;
14010;1692165147;209960;1692165147;280332;
13992;1692165147;298589;1692165147;361183;
13999;1692165147;375325;1692165147;434133;
13983;1692165147;455192;1692165147;534636;
13974;1692165147;565291;1692165147;723872;
14005;1692165147;747002;1692165147;813664;
14025;1692165147;835213;1692165147;894041;
13996;1692165147;910172;1692165147;985389;
13989;1692165148;6962;1692165148;100731;
13995;1692165148;114997;1692165148;211119;
13999;1692165148;225245;1692165148;297048;
14000;1692165148;320236;1692165148;459682;
128502;1692165148;534640;1692165149;416497;
20353;1692165149;437536;1692165149;536025;
28400;1692165149;562545;1692165149;693790;
28096;1692165149;734455;1692165149;887799;
28050;1692165149;908619;1692165150;65910;
27672;1692165150;86047;1692165150;232191;
27359;1692165150;250893;1692165150;384740;
27041;1692165150;432311;1692165150;597174;
26668;1692165150;631913;1692165150;761545;
26342;1692165150;778447;1692165150;889124;
26445;1692165150;932740;1692165151;69092;
26441;1692165151;85265;1692165151;201171;
26421;1692165151;232833;1692165151;420121;
26393;1692165151;435301;1692165151;575410;
26383;1692165151;632268;1692165151;836425;
26385;1692165151;857748;1692165151;977356;
26433;1692165152;32129;1692165152;200554;
26414;1692165152;215296;1692165152;382850;
26504;1692165152;395171;1692165152;542328;
26467;1692165152;567489;1692165152;729525;
26450;1692165152;747613;1692165152;903151;
26485;1692165152;931126;1692165153;62005;
26415;1692165153;75390;1692165153;214831;
26509;1692165153;235260;1692165153;394029;
26450;1692165153;405690;1692165153;530453;
26455;1692165153;545473;1692165153;720520;
26424;1692165153;735747;1692165153;843815;
26454;1692165153;932649;1692165154;85816;
26384;1692165154;106945;1692165154;247144;
26402;1692165154;265264;1692165154;431059;
26456;1692165154;445358;1692165154;579577;
26407;1692165154;630380;1692165154;763962;
26392;1692165154;775560;1692165154;919137;
26385;1692165154;936677;1692165155;71195;
26371;1692165155;134199;1692165155;276291;
26355;1692165155;296223;1692165155;429566;
26384;1692165155;448131;1692165155;581551;
26456;1692165155;632073;1692165155;750508;
26402;1692165155;768960;1692165155;908760;
26427;1692165155;928360;1692165156;135510;
26441;1692165156;155301;1692165156;286681;
26426;1692165156;328689;1692165156;481037;
26365;1692165156;495358;1692165156;624088;
26459;1692165156;647213;1692165156;762034;
26441;1692165159;395992;1692165159;531458;
26433;1692165159;560949;1692165159;690521;
26408;1692165159;728065;1692165159;867332;
26388;1692165159;885746;1692165159;997837;
26410;1692165160;29797;1692165160;161059;
26470;1692165160;185400;1692165160;372994;
26441;1692165160;390721;1692165160;505554;
26433;1692165160;525920;1692165160;703033;
54113;1692165160;715887;1692165161;28427;
9032;1692165161;48555;1692165161;101687;
9000;1692165161;133400;1692165161;188613;
8999;1692165161;205340;1692165161;245988;
9912;1692165161;284795;1692165161;331942;
9831;1692165161;355294;1692165161;436355;
9829;1692165161;457221;1692165161;509139;
9799;1692165161;534782;1692165161;588918;
9772;1692165161;605719;1692165161;649493;
9718;1692165161;689129;1692165161;751077;
9682;1692165161;765325;1692165161;827754;
9641;1692165161;845334;1692165161;892893;
9584;1692165161;933307;1692165162;28737;
9556;1692165162;45386;1692165162;114220;
9552;1692165162;135364;1692165162;192540;
9515;1692165162;215590;1692165162;275698;
9545;1692165162;295914;1692165162;349118;
9571;1692165162;384820;1692165162;431006;
9591;1692165162;452926;1692165162;503802;
9596;1692165162;532187;1692165162;586050;
9568;1692165162;607655;1692165162;658129;
9599;1692165162;682098;1692165162;739708;
9569;1692165162;757572;1692165162;826246;
9578;1692165162;846645;1692165162;914639;
9588;1692165162;945325;1692165162;992373;
9596;1692165163;50619;1692165163;114236;
9580;1692165163;138904;1692165163;196103;
9585;1692165163;215537;1692165163;259484;
9561;1692165163;282099;1692165163;339616;
9571;1692165163;355383;1692165163;414383;
9552;1692165163;443062;1692165163;485155;
9570;1692165163;505569;1692165163;549007;
9558;1692165163;581710;1692165163;643449;
9578;1692165163;658465;1692165163;696739;
9580;1692165163;733079;1692165163;781570;
9572;1692165163;795481;1692165163;835661;
9542;1692165163;884416;1692165163;926677;
9550;1692165163;947147;1692165163;986556;
9558;1692165164;31598;1692165164;84730;
9552;1692165164;106554;1692165164;148028;
9564;1692165164;181564;1692165164;223192;
9569;1692165164;236003;1692165164;282705;
9566;1692165164;332244;1692165164;386450;
9562;1692165164;425064;1692165164;495592;
9573;1692165164;523858;1692165164;603713;
9563;1692165164;615608;1692165164;713650;
13208;1692165164;785523;1692165164;856323;
12147;1692165164;876210;1692165164;935654;
14039;1692165164;955959;1692165165;41059;
13308;1692165165;55876;1692165165;121158;
14508;1692165165;137674;1692165165;221233;
14467;1692165165;239272;1692165165;307186;
14447;1692165165;332894;1692165165;413459;
14450;1692165165;425519;1692165165;504631;
14410;1692165165;525311;1692165165;607784;
14231;1692165165;631601;1692165165;724636;
14220;1692165165;752360;1692165165;839668;
14065;1692165165;858766;1692165165;934648;
14078;1692165165;955332;1692165166;37122;
13981;1692165166;55378;1692165166;146524;
13983;1692165166;165267;1692165166;231850;
13961;1692165166;246084;1692165166;319624;
14017;1692165166;348622;1692165166;428295;
13994;1692165166;454899;1692165166;554475;
13987;1692165166;579024;1692165166;659584;
14014;1692165166;684673;1692165166;762707;
13981;1692165166;779209;1692165166;855701;
13979;1692165166;875926;1692165166;943944;
13986;1692165166;971454;1692165167;53078;
14020;1692165167;85552;1692165167;155868;
14017;1692165167;175901;1692165167;255949;
14004;1692165167;282250;1692165167;372250;
14019;1692165167;385332;1692165167;469217;
13987;1692165167;485552;1692165167;554231;
14002;1692165167;580501;1692165167;643258;
13998;1692165167;674841;1692165167;743379;
14000;1692165167;768159;1692165167;841771;
14019;1692165167;855508;1692165167;926344;
14019;1692165167;945274;1692165168;398;
14039;1692165168;37150;1692165168;102544;
14039;1692165168;116042;1692165168;190769;
13983;1692165168;205515;1692165168;273645;
14019;1692165168;287455;1692165168;362433;
13977;1692165168;400826;1692165168;472228;
14026;1692165168;494059;1692165168;562736;
13994;1692165168;580357;1692165168;651189;
14013;1692165168;665679;1692165168;770209;
130603;1692165168;899358;1692165169;701074;
17932;1692165169;715635;1692165169;806302;
23741;1692165172;608292;1692165172;720706;
23426;1692165172;738516;1692165172;872335;
20871;1692165172;885613;1692165172;979654;
19751;1692165173;82560;1692165173;220308;
22165;1692165173;270650;1692165173;415417;
22319;1692165173;435578;1692165173;575794;
