36783;1692164866;128894;1692164866;295272;
36696;1692164866;307622;1692164866;475254;
36773;1692164866;486877;1692164866;668697;
36797;1692164866;688539;1692164868;987888;
36764;1692164868;997229;1692164869;168051;
36688;1692164869;177202;1692164869;346003;
36785;1692164869;356929;1692164869;498015;
36713;1692164869;523152;1692164869;700168;
36713;1692164869;706944;1692164869;985132;
36774;1692164870;27755;1692164870;256568;
36714;1692164870;266957;1692164870;416979;
36775;1692164870;427049;1692164870;653968;
82466;1692164870;668015;1692164871;29732;
23556;1692164871;47307;1692164871;149513;
35766;1692164873;926880;1692164874;94674;
35926;1692164874;107112;1692164874;282144;
34122;1692164874;299791;1692164874;469850;
34156;1692164874;488276;1692164874;687350;
16803;1692164874;698673;1692164874;797800;
15090;1692164874;815547;1692164874;889828;
14683;1692164874;897651;1692164875;87100;
14850;1692164875;97150;1692164875;166914;
15186;1692164875;193700;1692164875;261240;
15207;1692164875;279070;1692164875;346639;
15357;1692164875;360044;1692164875;438531;
15555;1692164875;451689;1692164875;518178;
15658;1692164875;541267;1692164875;619010;
15722;1692164875;637303;1692164875;708416;
15603;1692164875;718682;1692164875;795892;
15794;1692164875;806939;1692164875;872122;
15933;1692164875;893107;1692164875;970045;
15966;1692164875;987063;1692164876;61250;
15955;1692164876;77009;1692164876;145581;
15946;1692164876;157544;1692164876;241876;
15952;1692164876;256986;1692164876;329492;
15936;1692164876;341772;1692164876;427353;
15952;1692164876;436995;1692164876;514283;
15964;1692164876;526957;1692164876;604006;
15915;1692164876;617108;1692164876;679089;
15998;1692164876;691231;1692164876;796040;
15963;1692164876;811272;1692164876;877962;
15970;1692164876;897321;1692164876;973897;
15950;1692164876;987674;1692164877;63633;
15936;1692164877;80952;1692164877;147270;
15986;1692164877;157045;1692164877;240044;
15976;1692164877;261321;1692164877;341803;
15947;1692164877;357272;1692164877;438997;
15930;1692164877;461026;1692164877;582312;
15937;1692164877;597998;1692164877;689251;
15972;1692164877;697546;1692164877;795492;
15990;1692164877;807357;1692164877;885588;
15952;1692164877;896928;1692164877;963453;
15990;1692164877;990284;1692164878;64034;
15937;1692164878;77569;1692164878;152176;
15990;1692164878;167046;1692164878;243815;
16004;1692164878;257030;1692164878;341872;
15984;1692164878;357098;1692164878;462529;
15954;1692164878;478087;1692164878;547447;
15957;1692164878;562081;1692164878;691111;
76698;1692164878;707099;1692164879;142124;
23870;1692164879;157192;1692164879;282333;
23204;1692164879;300335;1692164879;427862;
23074;1692164879;438911;1692164879;531199;
23021;1692164879;548995;1692164879;651026;
23076;1692164879;669143;1692164879;775395;
23031;1692164879;787197;1692164879;908292;
23023;1692164879;917300;1692164880;98367;
23054;1692164880;107097;1692164880;222097;
23089;1692164880;238142;1692164880;346546;
23029;1692164880;357353;1692164880;471560;
23044;1692164880;488188;1692164880;590907;
23045;1692164880;607084;1692164880;771407;
23054;1692164880;800085;1692164880;926838;
23009;1692164880;957545;1692164881;76054;
23072;1692164881;87291;1692164881;182605;
23063;1692164881;199442;1692164881;307637;
23006;1692164881;317070;1692164881;431778;
23071;1692164881;447176;1692164881;552322;
23116;1692164881;567613;1692164881;702292;
23025;1692164881;717112;1692164881;815317;
23006;1692164881;854352;1692164882;4301;
23042;1692164882;20224;1692164882;131785;
23041;1692164882;147073;1692164882;248944;
23001;1692164882;261837;1692164882;365136;
23023;1692164882;377865;1692164882;474484;
23032;1692164882;495862;1692164882;598283;
23021;1692164882;610526;1692164882;757614;
38602;1692164882;767012;1692164882;950002;
26024;1692164882;967195;1692164883;92304;
39303;1692164883;123966;1692164883;348241;
39161;1692164883;359723;1692164883;614361;
34362;1692164883;634703;1692164883;794615;
34638;1692164883;818148;1692164884;17715;
35168;1692164884;27489;1692164884;200581;
35487;1692164884;221917;1692164884;462909;
35024;1692164884;477237;1692164884;686877;
35338;1692164884;699199;1692164884;871651;
35835;1692164884;887290;1692164885;70501;
35504;1692164885;89907;1692164885;234454;
35877;1692164885;247499;1692164885;429187;
36456;1692164885;439596;1692164885;603381;
36530;1692164885;621173;1692164885;784494;
36420;1692164885;807516;1692164885;969698;
36429;1692164885;976872;1692164886;139261;
36422;1692164886;148517;1692164886;453469;
36515;1692164886;467041;1692164886;622484;
36517;1692164886;639042;1692164886;807647;
36523;1692164886;820785;1692164887;18092;
36442;1692164887;27342;1692164887;213105;
36458;1692164887;229162;1692164887;425002;
36440;1692164887;436988;1692164887;625718;
36476;1692164887;637149;1692164887;809503;
36476;1692164887;827397;1692164888;23826;
36409;1692164888;37422;1692164888;225120;
36516;1692164888;237574;1692164888;415748;
36462;1692164888;431330;1692164888;646821;
36491;1692164888;657226;1692164888;856489;
36466;1692164888;870702;1692164889;84883;
36483;1692164889;98569;1692164889;268219;
36417;1692164889;277263;1692164889;500032;
36480;1692164889;517306;1692164889;669179;
36449;1692164889;678086;1692164889;838771;
36431;1692164889;848668;1692164890;38511;
36428;1692164890;54495;1692164890;251212;
36491;1692164890;269460;1692164890;450154;
36428;1692164890;462718;1692164890;682482;
36462;1692164890;697998;1692164890;934548;
34346;1692164890;957077;1692164891;100664;
35042;1692164891;130350;1692164891;304996;
35105;1692164891;317026;1692164891;479892;
35709;1692164891;487106;1692164891;670204;
32286;1692164891;687157;1692164891;899017;
32635;1692164891;909086;1692164892;73418;
33043;1692164892;89923;1692164892;261616;
33310;1692164892;277196;1692164892;481822;
32960;1692164892;510784;1692164892;712475;
33273;1692164892;729393;1692164892;888867;
33586;1692164892;909463;1692164893;92997;
33371;1692164893;107920;1692164893;270745;
33773;1692164893;295808;1692164893;472405;
34203;1692164893;487181;1692164893;678818;
34147;1692164893;701512;1692164893;848953;
34203;1692164893;857127;1692164894;17387;
34157;1692164894;28530;1692164894;180205;
34142;1692164894;198486;1692164894;434587;
34183;1692164894;446986;1692164894;606006;
34174;1692164894;628652;1692164894;782742;
34210;1692164894;797818;1692164894;960547;
34124;1692164894;977218;1692164895;249701;
34163;1692164895;257074;1692164895;420008;
34187;1692164895;439464;1692164895;600239;
34116;1692164895;617328;1692164895;784702;
34131;1692164895;797183;1692164895;971499;
34205;1692164895;987299;1692164896;155546;
34183;1692164896;168766;1692164896;338319;
34140;1692164896;349249;1692164896;505224;
34183;1692164896;529886;1692164896;687768;
34210;1692164896;697260;1692164896;860398;
34211;1692164896;877301;1692164897;28700;
34193;1692164897;37309;1692164897;195154;
34150;1692164897;227233;1692164897;380760;
34179;1692164897;397076;1692164897;566712;
34160;1692164897;577222;1692164897;723613;
34202;1692164897;741089;1692164897;918909;
34148;1692164897;927139;1692164898;84004;
34196;1692164898;97371;1692164898;274331;
34215;1692164898;287145;1692164898;449140;
34197;1692164898;457928;1692164898;613826;
34191;1692164898;627251;1692164898;784680;
34246;1692164898;799258;1692164898;977677;
36493;1692164898;987416;1692164899;160056;
26028;1692164899;183367;1692164899;303070;
34704;1692164899;317319;1692164899;512792;
34879;1692164899;527446;1692164899;714690;
39111;1692164899;727311;1692164899;920238;
34346;1692164899;947908;1692164900;186552;
34880;1692164900;197210;1692164900;370274;
35176;1692164900;387767;1692164900;611584;
35465;1692164900;627953;1692164900;783210;
34929;1692164900;821456;1692164901;40384;
35346;1692164901;57385;1692164901;208167;
35732;1692164901;217250;1692164901;406971;
35592;1692164901;417524;1692164901;624239;
35959;1692164901;638957;1692164901;851921;
36516;1692164901;867330;1692164902;55442;
36578;1692164902;67648;1692164902;238251;
36527;1692164902;247504;1692164902;423112;
36568;1692164902;437301;1692164902;602902;
36523;1692164902;619367;1692164902;804280;
36549;1692164902;819363;1692164902;997137;
36560;1692164903;8448;1692164903;209642;
36517;1692164903;228171;1692164903;414642;
36506;1692164903;427638;1692164903;595389;
36560;1692164903;613727;1692164903;788758;
36506;1692164903;797300;1692164904;43751;
36512;1692164904;57235;1692164904;247405;
36573;1692164904;258197;1692164904;417213;
36587;1692164904;427269;1692164904;604352;
36479;1692164904;618451;1692164904;774339;
36562;1692164904;816833;1692164905;47723;
36493;1692164905;85289;1692164905;269346;
36545;1692164905;283350;1692164905;457698;
36610;1692164905;469075;1692164905;633141;
36462;1692164905;649271;1692164905;812479;
36554;1692164905;827363;1692164905;974713;
36505;1692164906;10972;1692164906;176755;
36469;1692164906;187301;1692164906;362861;
36565;1692164906;378521;1692164906;541606;
36560;1692164906;557278;1692164906;730438;
36558;1692164906;747873;1692164906;914754;
36573;1692164906;927482;1692164907;140326;
24432;1692164907;223383;1692164907;385625;
23549;1692164907;408314;1692164907;563874;
30788;1692164907;577258;1692164907;718879;
35063;1692164907;727704;1692164907;901026;
35762;1692164907;923680;1692164908;118905;
35632;1692164908;129040;1692164908;357759;
32565;1692164908;367261;1692164908;527503;
33000;1692164908;538345;1692164908;682891;
33338;1692164908;721713;1692164908;886022;
33298;1692164908;897332;1692164909;49944;
32886;1692164909;58468;1692164909;206944;
33335;1692164909;221108;1692164909;406901;
33594;1692164909;428664;1692164909;600718;
33469;1692164909;618242;1692164909;775189;
33824;1692164909;787684;1692164909;953104;
34357;1692164909;967552;1692164910;132130;
33981;1692164910;147312;1692164910;317254;
34406;1692164910;329927;1692164910;501242;
34404;1692164910;520426;1692164910;674479;
34453;1692164910;688648;1692164910;857808;
34470;1692164910;867316;1692164911;76566;
34438;1692164911;90957;1692164911;264326;
34441;1692164911;277165;1692164911;435241;
34410;1692164911;448514;1692164911;614613;
34400;1692164911;627747;1692164911;781204;
34405;1692164911;820054;1692164911;986764;
34389;1692164911;997483;1692164912;161114;
34389;1692164912;178029;1692164912;355378;
34411;1692164912;367251;1692164912;574685;
34382;1692164912;588126;1692164912;770197;
34388;1692164912;788889;1692164912;949546;
34436;1692164912;968534;1692164913;161759;
34373;1692164913;178385;1692164913;374321;
34439;1692164913;391618;1692164913;581427;
34386;1692164913;597323;1692164913;764706;
34408;1692164913;778230;1692164913;969223;
34346;1692164913;987371;1692164914;152788;
34369;1692164914;170270;1692164914;340345;
34435;1692164914;357630;1692164914;558614;
34389;1692164914;567797;1692164914;751489;
34421;1692164914;767406;1692164914;982956;
34379;1692164914;997544;1692164915;169011;
34400;1692164915;179105;1692164915;369066;
36680;1692164915;377301;1692164915;661158;
25980;1692164915;677823;1692164915;792200;
34593;1692164915;810850;1692164915;996221;
38854;1692164916;7289;1692164916;189114;
38998;1692164916;197534;1692164916;412391;
34326;1692164916;428163;1692164916;590797;
34772;1692164916;607668;1692164916;751645;
35239;1692164916;772091;1692164916;966387;
35489;1692164916;977461;1692164917;223941;
35090;1692164917;238900;1692164917;413225;
35372;1692164917;428291;1692164917;634680;
35788;1692164917;655825;1692164917;812296;
35551;1692164917;827383;1692164917;981869;
35969;1692164918;4886;1692164918;200146;
36520;1692164918;217361;1692164918;383619;
36172;1692164918;405021;1692164918;573745;
36611;1692164918;590163;1692164918;803191;
36640;1692164918;817739;1692164919;36414;
36596;1692164919;78418;1692164919;286338;
36556;1692164919;298661;1692164919;472667;
36612;1692164919;487620;1692164919;666207;
36559;1692164919;677283;1692164919;848826;
36590;1692164919;857898;1692164920;19464;
36603;1692164920;38820;1692164920;197718;
36570;1692164920;207464;1692164920;390152;
36550;1692164920;407745;1692164920;563271;
36562;1692164920;577369;1692164920;726983;
36526;1692164920;740425;1692164920;915723;
36527;1692164920;928940;1692164921;85763;
36566;1692164921;103118;1692164921;269465;
36582;1692164921;287396;1692164921;468142;
36618;1692164921;479910;1692164921;656877;
36584;1692164921;667561;1692164921;839576;
36606;1692164921;850851;1692164922;1015;
36566;1692164922;17339;1692164922;178645;
36583;1692164922;202601;1692164922;412798;
36613;1692164922;431288;1692164922;645099;
36555;1692164922;658268;1692164922;866773;
36632;1692164922;877280;1692164923;64009;
36563;1692164923;80608;1692164923;258030;
36664;1692164923;267336;1692164923;474644;
36599;1692164923;489084;1692164923;693543;
36675;1692164923;708504;1692164923;886201;
36687;1692164923;909369;1692164924;83547;
36617;1692164924;97582;1692164924;276343;
36629;1692164924;287452;1692164924;463902;
36580;1692164924;483426;1692164924;638492;
36680;1692164924;647325;1692164924;815222;
36603;1692164924;828173;1692164924;966874;
36522;1692164925;1050;1692164925;167454;
36521;1692164925;179669;1692164925;375394;
36597;1692164925;387854;1692164925;557187;
36594;1692164925;567511;1692164925;732084;
36636;1692164925;795092;1692164926;15793;
36601;1692164926;27667;1692164926;310791;
36575;1692164926;327518;1692164926;478818;
36654;1692164926;499880;1692164926;672277;
36636;1692164926;687593;1692164926;838739;
36536;1692164926;857421;1692164927;72471;
36567;1692164927;100710;1692164927;280525;
36559;1692164927;300292;1692164927;465727;
36538;1692164927;477775;1692164927;653779;
36511;1692164927;667377;1692164927;826326;
36574;1692164927;841296;1692164928;22141;
36628;1692164928;37435;1692164928;192641;
36593;1692164928;208803;1692164928;404883;
36568;1692164928;418879;1692164928;631609;
36500;1692164928;656435;1692164928;886700;
36645;1692164928;897463;1692164929;75268;
36581;1692164929;88613;1692164929;272613;
36557;1692164929;287451;1692164929;451866;
36605;1692164929;467427;1692164929;627425;
36575;1692164929;637774;1692164929;801956;
36538;1692164929;817526;1692164930;8451;
36576;1692164930;20524;1692164930;288574;
36570;1692164930;299430;1692164930;481127;
36579;1692164930;498449;1692164930;665445;
36616;1692164930;681774;1692164930;861706;
36565;1692164930;877501;1692164931;138986;
36574;1692164931;147862;1692164931;317198;
36585;1692164931;327826;1692164931;533653;
36603;1692164931;548595;1692164931;704877;
36559;1692164931;719349;1692164931;899860;
36607;1692164931;907775;1692164932;72796;
36612;1692164932;99006;1692164932;262660;
36585;1692164932;277580;1692164932;447342;
36613;1692164932;461919;1692164932;636036;
36574;1692164932;647549;1692164932;828628;
36581;1692164932;837595;1692164933;11688;
36622;1692164933;27538;1692164933;430637;
36578;1692164933;448236;1692164933;634970;
36560;1692164933;647806;1692164933;861151;
36593;1692164933;877438;1692164934;69221;
36542;1692164934;80531;1692164934;258190;
36614;1692164934;267695;1692164934;440724;
36537;1692164934;458272;1692164934;720136;
36602;1692164934;737585;1692164934;935524;
36570;1692164934;953257;1692164935;178501;
36574;1692164935;187621;1692164935;351497;
36563;1692164935;367693;1692164935;547337;
36608;1692164935;557780;1692164935;729140;
36615;1692164935;737403;1692164935;960811;
64517;1692164935;978348;1692164936;276701;
23661;1692164936;288729;1692164936;395002;
30901;1692164936;407637;1692164936;540476;
35244;1692164936;557532;1692164936;736750;
35814;1692164936;747591;1692164936;907632;
32210;1692164936;920211;1692164937;93844;
32633;1692164937;110059;1692164937;281429;
32579;1692164937;298805;1692164937;458051;
33135;1692164937;467446;1692164937;628742;
33295;1692164937;637885;1692164937;802070;
32996;1692164937;817516;1692164937;960072;
33220;1692164938;8134;1692164938;176332;
33616;1692164938;187722;1692164938;339273;
33433;1692164938;348532;1692164938;557960;
33837;1692164938;568070;1692164938;721065;
34218;1692164938;748561;1692164938;976817;
34021;1692164938;987707;1692164939;180207;
34290;1692164939;188172;1692164939;348528;
34348;1692164939;360865;1692164939;530860;
34238;1692164939;550731;1692164939;703602;
34285;1692164939;717481;1692164939;882515;
34231;1692164939;905854;1692164940;122222;
26011;1692164940;298814;1692164940;420222;
26028;1692164940;439611;1692164940;559532;
34676;1692164940;593095;1692164940;765221;
38912;1692164940;779815;1692164940;989351;
39065;1692164941;347;1692164941;195951;
34477;1692164941;207656;1692164941;364198;
34820;1692164941;393013;1692164941;587336;
35375;1692164941;597849;1692164941;750074;
35562;1692164941;792829;1692164941;969144;
35034;1692164941;979183;1692164942;153466;
35384;1692164942;167454;1692164942;314906;
35884;1692164942;330512;1692164942;581256;
35572;1692164942;597798;1692164942;780694;
35975;1692164942;797878;1692164942;957115;
36536;1692164942;967697;1692164943;129148;
36196;1692164943;137966;1692164943;359797;
36621;1692164943;377478;1692164943;635451;
36675;1692164943;650346;1692164943;817374;
36654;1692164943;827727;1692164944;27344;
36625;1692164944;47554;1692164944;228026;
36627;1692164944;237823;1692164944;414911;
36645;1692164944;427610;1692164944;614258;
36604;1692164944;629934;1692164944;825888;
36569;1692164944;837483;1692164945;1973;
36607;1692164945;17695;1692164945;176902;
36652;1692164945;192096;1692164945;367577;
36617;1692164945;377598;1692164945;578090;
36558;1692164945;597509;1692164945;764358;
36530;1692164945;777550;1692164945;956764;
36568;1692164945;969011;1692164946;147251;
36570;1692164946;157499;1692164946;332765;
36554;1692164946;347600;1692164946;505904;
36581;1692164946;517572;1692164946;686389;
36640;1692164946;697917;1692164946;863963;
36610;1692164946;889494;1692164947;64874;
36612;1692164947;78092;1692164947;234738;
36649;1692164947;248719;1692164947;419436;
36573;1692164947;427757;1692164947;608612;
36635;1692164947;618844;1692164947;877624;
36643;1692164947;897644;1692164948;89414;
36602;1692164948;102633;1692164948;313348;
36636;1692164948;327611;1692164948;561237;
36643;1692164948;581429;1692164948;768499;
36653;1692164948;777751;1692164948;961850;
36636;1692164948;977703;1692164949;151301;
36576;1692164949;167740;1692164949;348994;
36659;1692164949;357668;1692164949;542036;
36515;1692164949;562149;1692164949;738097;
36547;1692164949;747601;1692164949;932475;
36626;1692164949;948087;1692164950;107581;
36536;1692164950;123090;1692164950;317949;
36628;1692164950;340142;1692164950;531384;
36664;1692164950;547641;1692164950;705210;
36654;1692164950;717603;1692164950;897759;
36625;1692164950;907734;1692164951;72124;
36619;1692164951;87903;1692164951;271216;
36584;1692164951;293742;1692164951;452750;
36639;1692164951;467633;1692164951;632107;
36607;1692164951;648792;1692164951;806859;
36613;1692164951;817635;1692164951;997674;
36695;1692164952;7592;1692164952;304661;
36647;1692164952;327967;1692164952;530076;
23951;1692164954;674273;1692164954;778311;
23588;1692164954;787778;1692164954;889266;
33364;1692164954;907640;1692164955;71722;
33794;1692164955;97358;1692164955;250565;
33775;1692164955;267698;1692164955;432283;
34222;1692164955;448712;1692164955;605183;
34232;1692164955;617738;1692164955;776596;
34235;1692164955;797874;1692164955;986280;
34252;1692164955;997984;1692164956;145698;
34253;1692164956;157748;1692164956;376958;
34244;1692164956;387620;1692164956;642681;
34251;1692164956;657847;1692164956;833207;
34254;1692164956;847750;1692164957;8172;
34200;1692164957;17813;1692164957;232248;
34254;1692164957;248028;1692164957;415457;
34242;1692164957;427723;1692164957;600565;
34181;1692164957;617719;1692164957;788011;
34213;1692164957;798160;1692164957;967721;
34236;1692164957;997698;1692164958;167099;
34247;1692164958;177692;1692164958;359445;
34236;1692164958;368436;1692164958;558514;
34303;1692164958;568561;1692164958;753364;
34168;1692164958;767795;1692164958;932543;
34255;1692164958;948967;1692164959;108456;
34270;1692164959;117709;1692164959;280665;
34266;1692164959;297895;1692164959;479088;
34230;1692164959;503957;1692164959;679712;
34271;1692164959;687814;1692164959;853508;
34340;1692164959;867816;1692164960;28188;
34218;1692164960;38177;1692164960;193910;
34289;1692164960;213336;1692164960;350996;
34243;1692164960;394539;1692164960;548448;
34283;1692164960;557918;1692164960;717186;
34304;1692164960;727793;1692164961;134984;
34251;1692164961;147852;1692164961;394806;
34257;1692164961;407882;1692164961;590529;
34253;1692164961;607835;1692164961;762439;
34268;1692164961;793453;1692164961;994467;
34193;1692164962;17061;1692164962;226931;
34257;1692164962;237827;1692164962;438157;
34306;1692164962;450196;1692164962;623455;
34272;1692164962;637795;1692164962;794336;
34268;1692164962;810365;1692164962;950144;
34344;1692164962;992928;1692164963;158485;
34232;1692164963;173948;1692164963;349109;
34295;1692164963;357604;1692164963;584156;
34226;1692164963;597811;1692164963;779949;
34242;1692164963;797839;1692164963;965813;
34293;1692164963;977793;1692164964;130548;
34320;1692164964;163311;1692164964;330245;
34291;1692164964;347806;1692164964;517056;
34235;1692164964;528720;1692164964;706587;
34276;1692164964;718770;1692164964;894675;
34239;1692164964;907796;1692164965;102577;
34235;1692164965;117883;1692164965;493963;
34292;1692164965;510181;1692164965;668363;
34232;1692164965;694531;1692164965;867439;
34220;1692164965;878073;1692164966;68569;
34224;1692164966;77847;1692164966;324029;
34260;1692164966;337777;1692164966;496826;
34265;1692164966;508710;1692164966;667478;
34262;1692164966;690935;1692164966;887669;
34234;1692164966;899157;1692164967;54967;
34252;1692164967;95300;1692164967;262950;
34253;1692164967;277851;1692164967;459457;
34249;1692164967;472945;1692164967;634315;
34230;1692164967;647934;1692164967;798117;
34255;1692164967;807914;1692164967;964647;
34270;1692164967;992420;1692164968;153235;
34285;1692164968;168594;1692164968;330541;
34256;1692164968;349398;1692164968;572860;
34223;1692164968;587992;1692164968;765842;
26089;1692164968;879378;1692164969;11830;
26079;1692164969;28028;1692164969;145242;
39287;1692164969;180828;1692164969;358271;
39205;1692164969;367664;1692164969;536346;
34339;1692164969;550184;1692164969;743245;
34757;1692164969;778534;1692164969;945148;
35331;1692164969;959421;1692164970;112413;
35506;1692164970;127858;1692164970;378043;
35001;1692164970;388210;1692164970;561413;
35279;1692164970;578028;1692164970;776515;
35739;1692164970;787819;1692164970;950388;
35489;1692164970;976687;1692164971;181954;
36017;1692164971;201236;1692164971;372565;
36565;1692164971;387837;1692164971;559050;
36492;1692164971;576586;1692164971;760334;
36596;1692164971;781418;1692164971;942146;
36571;1692164971;957723;1692164972;170739;
36563;1692164972;187757;1692164972;343686;
36567;1692164972;376145;1692164972;596458;
36516;1692164972;607931;1692164972;814622;
49637;1692164972;828100;1692164973;75533;
23618;1692164973;87932;1692164973;209099;
35581;1692164973;221049;1692164973;397768;
36033;1692164973;408016;1692164973;595466;
32340;1692164973;610668;1692164973;776431;
32682;1692164973;788818;1692164973;933501;
33057;1692164973;947727;1692164974;215110;
33350;1692164974;241603;1692164974;421881;
32960;1692164974;443715;1692164974;596246;
33279;1692164974;608146;1692164974;750908;
33707;1692164974;787060;1692164974;953733;
33516;1692164974;970761;1692164975;125538;
33889;1692164975;138852;1692164975;306331;
34285;1692164975;318735;1692164975;477687;
34297;1692164975;488338;1692164975;674915;
34237;1692164975;687974;1692164975;873875;
34211;1692164975;888018;1692164976;55971;
34282;1692164976;73937;1692164976;234804;
34229;1692164976;249454;1692164976;416908;
34226;1692164976;433490;1692164976;598744;
34255;1692164976;607990;1692164976;778671;
34220;1692164976;788973;1692164976;941508;
34180;1692164976;986187;1692164977;143048;
34229;1692164977;164608;1692164977;320151;
34197;1692164977;340735;1692164977;492795;
34214;1692164977;508068;1692164977;673560;
34209;1692164977;687944;1692164977;853082;
34248;1692164977;868129;1692164978;30472;
34276;1692164978;47728;1692164978;197329;
34227;1692164978;211754;1692164978;376214;
34243;1692164978;388695;1692164978;583544;
34194;1692164978;597952;1692164978;780035;
34191;1692164978;797730;1692164978;979216;
34248;1692164978;989857;1692164979;157586;
34226;1692164979;185463;1692164979;347119;
34232;1692164979;358861;1692164979;525810;
34181;1692164979;537953;1692164979;701660;
34207;1692164979;718697;1692164979;878203;
34241;1692164979;887868;1692164980;53046;
34227;1692164980;84415;1692164980;252310;
34198;1692164980;268034;1692164980;420131;
34164;1692164980;439218;1692164980;602089;
34204;1692164980;617987;1692164980;784569;
34212;1692164980;798937;1692164980;964152;
34228;1692164980;983801;1692164981;128618;
34202;1692164981;140322;1692164981;334869;
34204;1692164981;350807;1692164981;491482;
34221;1692164981;508009;1692164981;650367;
34276;1692164981;683196;1692164981;829629;
34205;1692164981;837990;1692164982;3092;
34216;1692164982;17865;1692164982;174904;
34223;1692164982;187954;1692164982;333834;
34216;1692164982;383472;1692164982;552287;
34238;1692164982;567972;1692164982;758456;
34276;1692164982;768290;1692164983;27615;
34187;1692164983;38091;1692164983;212407;
34196;1692164983;228047;1692164983;375102;
34278;1692164983;387971;1692164983;601385;
34254;1692164983;618628;1692164983;777513;
34194;1692164983;791099;1692164983;994737;
34313;1692164984;7964;1692164984;265995;
34232;1692164984;277988;1692164984;456030;
34200;1692164984;468259;1692164984;614566;
34194;1692164984;628197;1692164984;819244;
26058;1692164984;972342;1692164985;98767;
39211;1692164985;107991;1692164985;301376;
39091;1692164985;318255;1692164985;484967;
34415;1692164985;498659;1692164985;655109;
34897;1692164985;670562;1692164985;822732;
34863;1692164985;839241;1692164986;25292;
35224;1692164986;37806;1692164986;205414;
35581;1692164986;220190;1692164986;406235;
34977;1692164986;419219;1692164986;580503;
35442;1692164986;597778;1692164986;756107;
35838;1692164986;773131;1692164986;946208;
35610;1692164986;958060;1692164987;146677;
36058;1692164987;162238;1692164987;510985;
36604;1692164987;532981;1692164987;694677;
36658;1692164987;710374;1692164987;880999;
36600;1692164987;901001;1692164988;71283;
36630;1692164988;87922;1692164988;270916;
36663;1692164988;287890;1692164988;486938;
36676;1692164988;497848;1692164988;704596;
36654;1692164988;719308;1692164988;913177;
39796;1692164988;928248;1692164989;112874;
23603;1692164989;128056;1692164989;230059;
31088;1692164989;279508;1692164989;412796;
31021;1692164989;427776;1692164989;563519;
35247;1692164989;581227;1692164989;742008;
35899;1692164989;758105;1692164989;922598;
32356;1692164989;938084;1692164990;93374;
32662;1692164990;107979;1692164990;267036;
33136;1692164990;278896;1692164990;481741;
33112;1692164990;500655;1692164990;635832;
33103;1692164990;679017;1692164990;838467;
33029;1692164990;847966;1692164990;994579;
33345;1692164991;8347;1692164991;164875;
33652;1692164991;178334;1692164991;332208;
33493;1692164991;348382;1692164991;501567;
33754;1692164991;521575;1692164991;790140;
34260;1692164991;808003;1692164991;966062;
34207;1692164991;978361;1692164992;140758;
34218;1692164992;159092;1692164992;314666;
34318;1692164992;327976;1692164992;478681;
34239;1692164992;488330;1692164992;644069;
34219;1692164992;677752;1692164992;823622;
34279;1692164992;838053;1692164993;43334;
36609;1692164993;58556;1692164993;233001;
26198;1692164993;247840;1692164993;381171;
39053;1692164993;398364;1692164993;658149;
39077;1692164993;673526;1692164993;870453;
34882;1692164993;891251;1692164994;166608;
35338;1692164994;177866;1692164994;334946;
35568;1692164994;366001;1692164994;529029;
35027;1692164994;538082;1692164994;709164;
35340;1692164994;719725;1692164994;876249;
35884;1692164994;888054;1692164995;53739;
35518;1692164995;68192;1692164995;222771;
35543;1692164995;238158;1692164995;404363;
36051;1692164995;417907;1692164995;594790;
36657;1692164995;608077;1692164995;772709;
36707;1692164995;788067;1692164995;935895;
36685;1692164995;964636;1692164996;328596;
36734;1692164996;337972;1692164996;517821;
36557;1692164996;529288;1692164996;697421;
36665;1692164996;707985;1692164996;889810;
36597;1692164996;911259;1692164997;116183;
50298;1692164997;135841;1692164997;390315;
23561;1692164997;408057;1692164997;527733;
31045;1692164997;589171;1692164997;739996;
35514;1692164997;759672;1692164997;934221;
36005;1692164997;949615;1692164998;122271;
32280;1692164998;139135;1692164998;306802;
32705;1692164998;318023;1692164998;449311;
33024;1692164998;477309;1692164998;740921;
33089;1692164998;768607;1692164998;970130;
33022;1692164998;987858;1692164999;141715;
33288;1692164999;175548;1692164999;345763;
33644;1692164999;357952;1692164999;535484;
33554;1692164999;548295;1692164999;693657;
33769;1692164999;718973;1692164999;860509;
34221;1692164999;880431;1692165000;31646;
34215;1692165000;48402;1692165000;214589;
34244;1692165000;231888;1692165000;459198;
34183;1692165000;467950;1692165000;695194;
34275;1692165000;708419;1692165000;878292;
34175;1692165000;888189;1692165001;68557;
34242;1692165001;78338;1692165001;245773;
34247;1692165001;277502;1692165001;446560;
34242;1692165001;457958;1692165001;633349;
34179;1692165001;652665;1692165001;836191;
34255;1692165001;849930;1692165002;13981;
34153;1692165002;34554;1692165002;205485;
34232;1692165002;217978;1692165002;384564;
34232;1692165002;402720;1692165002;563400;
34284;1692165002;582150;1692165002;737461;
34211;1692165002;748240;1692165002;899133;
34209;1692165002;908296;1692165003;54130;
34196;1692165003;75325;1692165003;269094;
34268;1692165003;277901;1692165003;443398;
34253;1692165003;473672;1692165003;683759;
34254;1692165003;698777;1692165003;857006;
34218;1692165003;874240;1692165004;52760;
34148;1692165004;70363;1692165004;271423;
34210;1692165004;288459;1692165004;491818;
34271;1692165004;508625;1692165004;669817;
34150;1692165004;678001;1692165004;951665;
34220;1692165004;968699;1692165005;136877;
34232;1692165005;148097;1692165005;352991;
36525;1692165005;368239;1692165005;549271;
26074;1692165005;567937;1692165005;688892;
39015;1692165005;697960;1692165005;895928;
39048;1692165005;908431;1692165006;93293;
34466;1692165006;108910;1692165006;267436;
34875;1692165006;278217;1692165006;469095;
35270;1692165006;478089;1692165006;632337;
35610;1692165006;659914;1692165006;822244;
35505;1692165006;843152;1692165006;996865;
35095;1692165007;8133;1692165007;189216;
35503;1692165007;198654;1692165007;357534;
35768;1692165007;367965;1692165007;524521;
35739;1692165007;560039;1692165007;724155;
36052;1692165007;743169;1692165007;915229;
36590;1692165007;928712;1692165008;97164;
36588;1692165008;108675;1692165008;268318;
36572;1692165008;278081;1692165008;458745;
36585;1692165008;468164;1692165008;688955;
36550;1692165008;699053;1692165008;862766;
36537;1692165008;880970;1692165009;62551;
36581;1692165009;88448;1692165009;388877;
36584;1692165009;398191;1692165009;582258;
36614;1692165009;597901;1692165009;771244;
36584;1692165009;788037;1692165009;980404;
36650;1692165010;6845;1692165010;216915;
36640;1692165010;228243;1692165010;402099;
36561;1692165010;418381;1692165010;618879;
36536;1692165010;637853;1692165010;813508;
36518;1692165010;830226;1692165011;21897;
36557;1692165011;38032;1692165011;201952;
36660;1692165011;218182;1692165011;414573;
36614;1692165011;429870;1692165011;584388;
36620;1692165011;599709;1692165011;773437;
36594;1692165011;789643;1692165011;960817;
36597;1692165011;978533;1692165012;133486;
36572;1692165012;155858;1692165012;352384;
36603;1692165012;368104;1692165012;527841;
36609;1692165012;555815;1692165012;718351;
36596;1692165012;728864;1692165012;900247;
36569;1692165012;924981;1692165013;85041;
36637;1692165013;99050;1692165013;304059;
36583;1692165013;318154;1692165013;475416;
36562;1692165013;489928;1692165013;837923;
24507;1692165013;848025;1692165013;955644;
23591;1692165013;970620;1692165014;90955;
31038;1692165014;108491;1692165014;265496;
35304;1692165014;278956;1692165014;450996;
35775;1692165014;468395;1692165014;664549;
35847;1692165014;678568;1692165014;856013;
32690;1692165014;877687;1692165015;44980;
32665;1692165015;60202;1692165015;222787;
33096;1692165015;240538;1692165015;404730;
33512;1692165015;418538;1692165015;581035;
33051;1692165015;599050;1692165015;761880;
33291;1692165015;814025;1692165015;973879;
33615;1692165015;993242;1692165016;163340;
33491;1692165016;178286;1692165016;312114;
33796;1692165019;245785;1692165019;405806;
34206;1692165019;418217;1692165019;607004;
34226;1692165019;618830;1692165019;809886;
34227;1692165019;829672;1692165019;985765;
34225;1692165019;998246;1692165020;158326;
34286;1692165020;179422;1692165020;358616;
34332;1692165020;382366;1692165020;547262;
34269;1692165020;565659;1692165020;756924;
34252;1692165020;768827;1692165020;944274;
34297;1692165020;964108;1692165021;207443;
34239;1692165021;238200;1692165021;541388;
34308;1692165021;557984;1692165021;761394;
34324;1692165021;779231;1692165021;954361;
34249;1692165021;968025;1692165022;144352;
34287;1692165022;165431;1692165022;321531;
34213;1692165022;341617;1692165022;650502;
34313;1692165022;668346;1692165022;849740;
34238;1692165022;858229;1692165023;23207;
34256;1692165023;38982;1692165023;254727;
34238;1692165023;268189;1692165023;471321;
34301;1692165023;488059;1692165023;694282;
23816;1692165023;711543;1692165023;825786;
18817;1692165023;838272;1692165023;939168;
22367;1692165023;960585;1692165024;81409;
21646;1692165024;98167;1692165024;221576;
21925;1692165024;238695;1692165024;340161;
22124;1692165024;358380;1692165024;451568;
22635;1692165024;474131;1692165024;611268;
22745;1692165024;628184;1692165024;739989;
22888;1692165024;758136;1692165024;876644;
22808;1692165024;888263;1692165024;992657;
23052;1692165025;9854;1692165025;126470;
23059;1692165025;138668;1692165025;250374;
23092;1692165025;271292;1692165025;405221;
23085;1692165025;418989;1692165025;533856;
23065;1692165025;548627;1692165025;708393;
23031;1692165025;718709;1692165025;814870;
23095;1692165025;828698;1692165025;931468;
23097;1692165025;954708;1692165026;80223;
23083;1692165026;104020;1692165026;206259;
23057;1692165026;218038;1692165026;315510;
23103;1692165026;328564;1692165026;446466;
23112;1692165026;458242;1692165026;561374;
23111;1692165026;578595;1692165026;675519;
23072;1692165026;688245;1692165026;788993;
23051;1692165026;799307;1692165026;988928;
23114;1692165026;998248;1692165027;139107;
23047;1692165027;158479;1692165027;292223;
23108;1692165027;308236;1692165027;412258;
23046;1692165027;428350;1692165027;543722;
22981;1692165027;558273;1692165027;777050;
96325;1692165027;790475;1692165028;365906;
23611;1692165028;383764;1692165028;516200;
32286;1692165028;529733;1692165028;723590;
32671;1692165028;738951;1692165028;921701;
33073;1692165028;938244;1692165029;96350;
33367;1692165029;108279;1692165029;294233;
33031;1692165029;308235;1692165029;457559;
33426;1692165029;485322;1692165029;649207;
33368;1692165029;658214;1692165029;829519;
33770;1692165029;838462;1692165030;1328;
33402;1692165030;20533;1692165030;176987;
33906;1692165030;211762;1692165030;385759;
34323;1692165030;398499;1692165030;576454;
34275;1692165030;588354;1692165030;779218;
34276;1692165030;788477;1692165030;962986;
34287;1692165030;983497;1692165031;157108;
34278;1692165031;168317;1692165031;593676;
34245;1692165031;608311;1692165031;805980;
26040;1692165031;872566;1692165031;998225;
26091;1692165032;8211;1692165032;127758;
39194;1692165032;171349;1692165032;372570;
39134;1692165032;424144;1692165032;737650;
34431;1692165032;751519;1692165032;941430;
35219;1692165032;958240;1692165033;116209;
35547;1692165033;129201;1692165033;312935;
35037;1692165033;329543;1692165033;510180;
35384;1692165033;534321;1692165033;700020;
35816;1692165033;718312;1692165033;905992;
35510;1692165033;918270;1692165034;81549;
36099;1692165034;98665;1692165034;275111;
36612;1692165034;288252;1692165034;487167;
36624;1692165034;510311;1692165034;676964;
36564;1692165034;688046;1692165034;888808;
36601;1692165034;900850;1692165035;81695;
36594;1692165035;98606;1692165035;363222;
36664;1692165035;379218;1692165035;623571;
36574;1692165035;679541;1692165035;924862;
91630;1692165035;949123;1692165036;413461;
23646;1692165036;428486;1692165036;539057;
35420;1692165036;581047;1692165036;769304;
35946;1692165036;781962;1692165036;979784;
32259;1692165036;998198;1692165037;233314;
32732;1692165037;248174;1692165037;406377;
33281;1692165037;421591;1692165037;595732;
33424;1692165037;609751;1692165037;785500;
33068;1692165037;798509;1692165037;976073;
33263;1692165037;988703;1692165038;157901;
33669;1692165038;180061;1692165038;452972;
33536;1692165038;468329;1692165038;639119;
33845;1692165038;648971;1692165038;809904;
34278;1692165038;828262;1692165039;21941;
34263;1692165039;39589;1692165039;201846;
34308;1692165039;218199;1692165039;386762;
34276;1692165039;440296;1692165039;640347;
34273;1692165039;658250;1692165039;824227;
34293;1692165039;839682;1692165040;3769;
34291;1692165040;20205;1692165040;246408;
34290;1692165040;258554;1692165040;442578;
34195;1692165040;458379;1692165040;672814;
34336;1692165040;688265;1692165040;896435;
34289;1692165040;909556;1692165041;101339;
34317;1692165041;118331;1692165041;306688;
34318;1692165041;320197;1692165041;522173;
34291;1692165041;538526;1692165041;723642;
34261;1692165041;758459;1692165041;951120;
34262;1692165041;970309;1692165042;163220;
34255;1692165042;178322;1692165042;376184;
34309;1692165042;394249;1692165042;565864;
34324;1692165042;588500;1692165042;775225;
34239;1692165042;789290;1692165043;13834;
34216;1692165043;30884;1692165043;190643;
34294;1692165043;211273;1692165043;386170;
34335;1692165043;401663;1692165043;578114;
34289;1692165043;598578;1692165043;783622;
34301;1692165043;798335;1692165044;9998;
93558;1692165044;29722;1692165044;567276;
25993;1692165044;580637;1692165044;701832;
34425;1692165044;768031;1692165044;985120;
34842;1692165045;1090;1692165045;188930;
35280;1692165045;202003;1692165045;367997;
35629;1692165045;378363;1692165045;652905;
35063;1692165045;668844;1692165045;903562;
35366;1692165045;919646;1692165046;114930;
35588;1692165046;128393;1692165046;343983;
36051;1692165046;358388;1692165046;575876;
36646;1692165046;590533;1692165046;815675;
36624;1692165046;828585;1692165047;23523;
36603;1692165047;43247;1692165047;371462;
36590;1692165047;388709;1692165047;574069;
36518;1692165047;588557;1692165047;767984;
36532;1692165047;778159;1692165047;954632;
36520;1692165047;973014;1692165048;172859;
23626;1692165048;276523;1692165048;456731;
23669;1692165048;468554;1692165048;579299;
35350;1692165048;598312;1692165048;778857;
35995;1692165048;790819;1692165049;139888;
32365;1692165049;158470;1692165049;475597;
33109;1692165049;488212;1692165049;632136;
32954;1692165049;674301;1692165049;824417;
32951;1692165049;838524;1692165050;18091;
33292;1692165050;30935;1692165050;265969;
33683;1692165050;278763;1692165050;448853;
33972;1692165050;483372;1692165050;674443;
33929;1692165050;691776;1692165050;878540;
34284;1692165050;892726;1692165051;75271;
34219;1692165051;90113;1692165051;258534;
34239;1692165051;274585;1692165051;448870;
34248;1692165051;458271;1692165051;656441;
34274;1692165051;668548;1692165051;896067;
34205;1692165051;911142;1692165052;75891;
34236;1692165052;88322;1692165052;289635;
26873;1692165052;298473;1692165052;438723;
18909;1692165052;448411;1692165052;541912;
22248;1692165052;558921;1692165052;694281;
21368;1692165052;708355;1692165052;803027;
21907;1692165052;822926;1692165052;930063;
22066;1692165052;948564;1692165053;76666;
22399;1692165053;88417;1692165053;199502;
22756;1692165053;208861;1692165053;382457;
22938;1692165053;421744;1692165053;564534;
22789;1692165053;588270;1692165053;716365;
23029;1692165053;730149;1692165053;860273;
23094;1692165053;878259;1692165053;997921;
23111;1692165054;15986;1692165054;145875;
23101;1692165054;168435;1692165054;282968;
23065;1692165054;298301;1692165054;469633;
23042;1692165054;480382;1692165054;607939;
23068;1692165054;619741;1692165054;739651;
23088;1692165054;758300;1692165054;896016;
23004;1692165054;908415;1692165055;37285;
23032;1692165055;48881;1692165055;186220;
23071;1692165055;198468;1692165055;322836;
23084;1692165055;342672;1692165055;545438;
23049;1692165055;558590;1692165055;753319;
23036;1692165055;768942;1692165055;914833;
23059;1692165055;930654;1692165056;74956;
23066;1692165056;90195;1692165056;215952;
23055;1692165056;228369;1692165056;363591;
63429;1692165059;176406;1692165059;505831;
23682;1692165059;518557;1692165059;668565;
34183;1692165059;683155;1692165059;853874;
34220;1692165059;868383;1692165060;57927;
34275;1692165060;78575;1692165060;250631;
34205;1692165060;269136;1692165060;468699;
19804;1692165060;482572;1692165060;588409;
18910;1692165060;598643;1692165060;706062;
22205;1692165060;722603;1692165060;837384;
21386;1692165060;848664;1692165060;953020;
21942;1692165060;972840;1692165061;102835;
22110;1692165061;118547;1692165061;230489;
22368;1692165061;249168;1692165061;366276;
22675;1692165061;378928;1692165061;480996;
22904;1692165061;501048;1692165061;623618;
22554;1692165061;643338;1692165061;760695;
22968;1692165061;778662;1692165061;886200;
23029;1692165061;899102;1692165062;2703;
23007;1692165062;18729;1692165062;197603;
23007;1692165062;220882;1692165062;344214;
22996;1692165062;360095;1692165062;469990;
23028;1692165062;488589;1692165062;592987;
23011;1692165062;612313;1692165062;718793;
23011;1692165062;738932;1692165062;850854;
22992;1692165062;877019;1692165062;983259;
22978;1692165062;998501;1692165063;104487;
22972;1692165063;118949;1692165063;236119;
22968;1692165063;248786;1692165063;351657;
23025;1692165063;369766;1692165063;501173;
23006;1692165063;518504;1692165063;644057;
23005;1692165063;658685;1692165063;788283;
22997;1692165063;799428;1692165063;911759;
23011;1692165063;929401;1692165064;55677;
23011;1692165064;68432;1692165064;178591;
23037;1692165064;199265;1692165064;329207;
22983;1692165064;348643;1692165064;481568;
22948;1692165064;499826;1692165064;621333;
23021;1692165064;639504;1692165064;817525;
22974;1692165064;828851;1692165064;934500;
22986;1692165064;954542;1692165065;86137;
22960;1692165065;98381;1692165065;211465;
22985;1692165065;228387;1692165065;347699;
23001;1692165065;358595;1692165065;471219;
22959;1692165065;504254;1692165065;613842;
23006;1692165065;628680;1692165065;758778;
23037;1692165065;772872;1692165065;895965;
23061;1692165065;908380;1692165066;26179;
23020;1692165066;38669;1692165066;158058;
23064;1692165066;168392;1692165066;310580;
23048;1692165066;329895;1692165066;509422;
23064;1692165066;519706;1692165066;652427;
22979;1692165066;688598;1692165066;794872;
23088;1692165066;810309;1692165066;903038;
23065;1692165066;920282;1692165067;31022;
23023;1692165067;48350;1692165067;167787;
23036;1692165067;191745;1692165067;335027;
23039;1692165067;348422;1692165067;487760;
23024;1692165067;501566;1692165067;624071;
23027;1692165067;639001;1692165067;799519;
23040;1692165067;819128;1692165067;923360;
23020;1692165067;959191;1692165068;89170;
22995;1692165068;108497;1692165068;246953;
23056;1692165068;259546;1692165068;359077;
23047;1692165068;368424;1692165068;510103;
23582;1692165068;684474;1692165068;798165;
23577;1692165068;811850;1692165068;933055;
35217;1692165068;982024;1692165069;171348;
35788;1692165069;188317;1692165069;362844;
32353;1692165069;386305;1692165069;541106;
32656;1692165069;560796;1692165069;704844;
33106;1692165069;718928;1692165069;888702;
33404;1692165069;898531;1692165070;65158;
33108;1692165070;81123;1692165070;232611;
33128;1692165070;250790;1692165070;399040;
33293;1692165070;409235;1692165070;561294;
33613;1692165070;580801;1692165070;853720;
33526;1692165070;888788;1692165071;36843;
33925;1692165071;56313;1692165071;248900;
34214;1692165071;258786;1692165071;434526;
34248;1692165071;448567;1692165071;673203;
34327;1692165071;688640;1692165071;847086;
34240;1692165071;883588;1692165072;75528;
34285;1692165072;89113;1692165072;269284;
34267;1692165072;292468;1692165072;441330;
34273;1692165072;458731;1692165072;641350;
34329;1692165072;662796;1692165072;851291;
34299;1692165072;868475;1692165073;42591;
34244;1692165073;58497;1692165073;233229;
34269;1692165073;248553;1692165073;438028;
34284;1692165073;448566;1692165073;682007;
34266;1692165073;700232;1692165073;869983;
34295;1692165073;889406;1692165074;71347;
34325;1692165074;91478;1692165074;238986;
34260;1692165074;279048;1692165074;448737;
34277;1692165074;458478;1692165074;634851;
34273;1692165074;648577;1692165074;791419;
34306;1692165074;821039;1692165074;986637;
34245;1692165074;999273;1692165075;139768;
34266;1692165075;181285;1692165075;416427;
34268;1692165075;428523;1692165075;585337;
34198;1692165075;598636;1692165075;823934;
34262;1692165075;841897;1692165076;7963;
34307;1692165076;18507;1692165076;202965;
34336;1692165076;222638;1692165076;401198;
34219;1692165076;420326;1692165076;594140;
34209;1692165076;608612;1692165076;774447;
34282;1692165076;788674;1692165076;934772;
34275;1692165076;982860;1692165077;175259;
34251;1692165077;189780;1692165077;367069;
34293;1692165077;378619;1692165077;531354;
34264;1692165077;577023;1692165077;801942;
34291;1692165077;824423;1692165078;13046;
34295;1692165078;33974;1692165078;226852;
34271;1692165078;248636;1692165078;446351;
34303;1692165078;458538;1692165078;618630;
34314;1692165078;644290;1692165078;818335;
34280;1692165078;832757;1692165079;14521;
34276;1692165079;34835;1692165079;190850;
34294;1692165079;212631;1692165079;391466;
34317;1692165079;410918;1692165079;666336;
34276;1692165079;679176;1692165079;869296;
34297;1692165079;888537;1692165080;43894;
34308;1692165080;76626;1692165080;241907;
34264;1692165080;258591;1692165080;424347;
34325;1692165080;438747;1692165080;608740;
34336;1692165080;621637;1692165080;877164;
36684;1692165080;890953;1692165081;150587;
39158;1692165081;168728;1692165081;402149;
39099;1692165081;418520;1692165081;660899;
34462;1692165081;678581;1692165081;844140;
35303;1692165081;867291;1692165082;42837;
35218;1692165082;59502;1692165082;215511;
35522;1692165082;228748;1692165082;488797;
35018;1692165082;500657;1692165082;693030;
35871;1692165082;708746;1692165082;893290;
35711;1692165082;908626;1692165083;81638;
36132;1692165083;99366;1692165083;270579;
36680;1692165083;288634;1692165083;562593;
36612;1692165083;578415;1692165083;762063;
36675;1692165083;778564;1692165083;984207;
36634;1692165083;999318;1692165084;173895;
36595;1692165084;203000;1692165084;417929;
36601;1692165084;440119;1692165084;606259;
36650;1692165084;620493;1692165084;797894;
36655;1692165084;808591;1692165085;25197;
23587;1692165085;73629;1692165085;183619;
23602;1692165085;200723;1692165085;335346;
35244;1692165085;375115;1692165085;558106;
35880;1692165085;579370;1692165085;821979;
32271;1692165085;839697;1692165086;19847;
32781;1692165086;39274;1692165086;206980;
33141;1692165086;219178;1692165086;382228;
33428;1692165086;399086;1692165086;567222;
33047;1692165086;578753;1692165086;744175;
33372;1692165086;773006;1692165086;920772;
33766;1692165086;938668;1692165087;99279;
33518;1692165087;118637;1692165087;276538;
33925;1692165087;291289;1692165087;458891;
34345;1692165087;478648;1692165087;674211;
34365;1692165087;688531;1692165087;867035;
34377;1692165087;888808;1692165088;47245;
34428;1692165088;71823;1692165088;237782;
34345;1692165088;253101;1692165088;445644;
34409;1692165088;460591;1692165088;663303;
34373;1692165088;678813;1692165088;841547;
34340;1692165088;871562;1692165089;56328;
34376;1692165089;71107;1692165089;251271;
34368;1692165089;268639;1692165089;483079;
34341;1692165089;504407;1692165089;679545;
34329;1692165089;700014;1692165089;938460;
34337;1692165089;952804;1692165090;126606;
34362;1692165090;139122;1692165090;325394;
34303;1692165090;338784;1692165090;525472;
34351;1692165090;544057;1692165090;758684;
34376;1692165090;775639;1692165090;988514;
34331;1692165091;378;1692165091;191648;
34390;1692165091;208602;1692165091;379951;
34322;1692165091;398981;1692165091;569339;
34386;1692165091;578816;1692165091;749486;
34377;1692165091;769833;1692165091;925494;
34419;1692165091;938914;1692165092;93896;
34330;1692165092;108719;1692165092;298348;
34371;1692165092;308758;1692165092;518668;
34292;1692165092;528586;1692165092;726362;
34331;1692165092;738674;1692165092;980208;
34365;1692165092;999345;1692165093;172761;
34326;1692165093;188535;1692165093;416384;
34348;1692165093;428465;1692165093;604913;
34300;1692165093;619857;1692165093;809146;
34388;1692165093;819806;1692165094;3553;
34327;1692165094;18722;1692165094;215829;
34344;1692165094;228519;1692165094;422794;
34348;1692165094;438664;1692165094;625876;
34331;1692165094;639235;1692165094;792798;
34406;1692165094;808890;1692165094;986078;
34345;1692165094;998637;1692165095;164499;
34388;1692165095;178754;1692165095;353116;
34376;1692165095;372347;1692165095;576987;
34377;1692165095;591634;1692165095;765163;
34425;1692165095;778666;1692165095;958844;
34326;1692165095;979048;1692165096;132018;
34347;1692165096;167713;1692165096;341411;
34405;1692165096;362357;1692165096;518496;
34420;1692165096;528748;1692165096;686904;
34282;1692165096;699261;1692165096;853872;
34349;1692165096;869628;1692165097;30872;
34301;1692165097;51892;1692165097;330146;
165433;1692165097;348763;1692165098;249209;
26000;1692165098;270613;1692165098;437695;
34896;1692165098;454725;1692165098;638257;
34797;1692165098;648676;1692165098;824185;
35255;1692165098;876309;1692165099;111097;
35660;1692165099;128560;1692165099;295630;
35418;1692165099;311141;1692165099;492330;
35766;1692165099;511411;1692165099;676587;
35634;1692165099;698546;1692165099;877863;
35977;1692165099;888791;1692165100;56124;
36592;1692165100;68586;1692165100;239239;
36702;1692165100;259068;1692165100;415850;
36629;1692165100;429109;1692165100;600886;
36689;1692165100;618797;1692165100;857606;
36634;1692165100;870054;1692165101;45267;
36638;1692165101;58824;1692165101;290335;
24617;1692165101;367047;1692165104;277334;
23636;1692165104;289537;1692165104;400161;
34323;1692165104;465375;1692165104;656859;
34246;1692165104;668706;1692165104;910800;
34296;1692165104;928547;1692165105;73404;
34333;1692165105;88680;1692165105;294779;
8997;1692165105;319862;1692165105;356672;
9094;1692165105;370759;1692165105;410838;
8799;1692165105;428630;1692165105;465737;
9157;1692165105;479516;1692165105;510784;
9163;1692165105;528819;1692165105;568342;
9190;1692165105;578720;1692165105;619685;
9189;1692165105;641799;1692165105;715880;
9100;1692165105;729387;1692165105;776091;
9060;1692165105;788612;1692165105;848521;
9111;1692165105;858825;1692165105;903124;
9171;1692165105;918799;1692165105;960346;
9206;1692165105;979629;1692165106;24245;
9213;1692165106;38803;1692165106;99814;
9221;1692165106;119206;1692165106;186332;
9166;1692165106;198791;1692165106;242756;
9339;1692165106;258763;1692165106;307724;
9177;1692165106;318642;1692165106;362862;
9162;1692165106;379278;1692165106;424186;
9118;1692165106;438701;1692165106;490876;
9114;1692165106;508833;1692165106;541241;
9118;1692165106;558727;1692165106;598837;
9050;1692165106;613662;1692165106;650649;
9081;1692165106;668936;1692165106;724615;
9081;1692165106;738716;1692165106;775437;
9128;1692165106;789993;1692165106;835917;
9095;1692165106;848870;1692165106;899394;
9109;1692165106;910699;1692165106;953287;
9076;1692165106;969182;1692165107;24223;
9078;1692165107;59716;1692165107;97031;
9122;1692165107;108682;1692165107;145827;
9125;1692165107;159328;1692165107;196159;
9130;1692165107;212897;1692165107;252677;
9085;1692165107;268942;1692165107;305551;
9071;1692165107;319514;1692165107;355668;
9172;1692165107;368895;1692165107;453417;
9104;1692165107;468734;1692165107;564067;
9098;1692165107;585971;1692165107;670647;
9092;1692165107;688745;1692165107;728896;
9103;1692165107;741799;1692165107;776250;
9061;1692165107;788709;1692165107;842646;
9094;1692165107;858850;1692165107;898960;
8996;1692165107;908677;1692165107;952495;
8978;1692165107;969226;1692165108;10724;
8988;1692165108;31366;1692165108;69877;
9003;1692165108;88547;1692165108;125545;
9015;1692165108;139680;1692165108;171192;
9011;1692165108;192969;1692165108;249272;
8968;1692165108;260454;1692165108;311384;
8943;1692165108;333074;1692165108;375259;
8918;1692165108;388773;1692165108;429296;
8909;1692165108;448853;1692165108;485660;
8865;1692165108;498824;1692165108;552843;
8888;1692165108;568763;1692165108;610912;
8908;1692165108;629650;1692165108;682000;
8908;1692165108;701945;1692165108;764980;
8898;1692165108;783492;1692165108;828410;
8849;1692165108;838684;1692165108;885349;
8824;1692165108;898876;1692165108;952784;
8801;1692165108;970739;1692165109;43913;
8836;1692165109;60266;1692165109;149079;
8831;1692165109;169404;1692165109;236713;
18944;1692165109;342013;1692165109;441398;
18887;1692165109;459474;1692165109;572116;
23826;1692165109;588944;1692165109;714308;
23595;1692165109;728793;1692165109;841147;
23317;1692165109;858813;1692165109;981752;
23060;1692165109;999374;1692165110;100292;
23020;1692165110;121304;1692165110;220765;
23024;1692165110;239886;1692165110;346731;
23037;1692165110;358988;1692165110;476039;
23101;1692165110;494193;1692165110;608765;
23022;1692165110;619006;1692165110;721271;
23042;1692165110;739513;1692165110;860199;
23015;1692165110;878936;1692165111;52902;
23069;1692165111;68948;1692165111;177947;
23064;1692165111;189683;1692165111;322656;
23132;1692165111;338785;1692165111;436427;
23014;1692165111;449027;1692165111;546782;
23094;1692165111;558592;1692165111;680278;
23064;1692165111;701627;1692165111;814834;
23088;1692165111;830464;1692165112;19525;
23057;1692165112;40532;1692165112;146886;
23104;1692165112;161655;1692165112;269456;
23056;1692165112;280243;1692165112;399781;
23044;1692165112;419405;1692165112;568767;
23088;1692165112;581691;1692165112;749656;
23101;1692165112;761386;1692165112;912819;
23062;1692165112;930674;1692165113;68810;
23076;1692165113;79653;1692165113;221372;
23117;1692165113;243277;1692165113;409343;
23602;1692165113;581315;1692165113;723091;
23648;1692165113;738893;1692165113;846107;
35394;1692165113;879662;1692165114;62610;
35848;1692165114;82551;1692165114;269621;
32404;1692165114;288969;1692165114;487358;
32661;1692165114;500906;1692165114;653426;
33128;1692165114;683051;1692165114;838554;
33417;1692165114;848740;1692165115;13650;
33032;1692165115;30545;1692165115;178618;
33359;1692165115;189277;1692165115;328278;
33699;1692165115;380389;1692165115;551041;
33618;1692165115;568811;1692165115;738935;
33449;1692165115;748926;1692165115;934182;
33950;1692165115;951022;1692165116;121450;
34268;1692165116;141650;1692165116;407309;
34209;1692165116;419043;1692165116;564734;
34226;1692165116;579232;1692165116;758564;
34255;1692165116;769124;1692165116;915726;
34197;1692165116;932176;1692165117;97830;
34242;1692165117;108971;1692165117;277100;
34237;1692165117;295211;1692165117;448459;
34237;1692165117;477776;1692165117;647615;
34221;1692165117;668795;1692165117;890361;
34202;1692165117;912225;1692165118;92856;
34212;1692165118;111462;1692165118;289350;
34220;1692165118;298875;1692165118;482011;
34282;1692165118;498809;1692165118;672907;
34194;1692165118;689219;1692165118;906229;
34249;1692165118;920674;1692165119;91390;
34247;1692165119;110879;1692165119;266216;
34282;1692165119;279686;1692165119;452059;
34209;1692165119;471745;1692165119;661877;
34223;1692165119;678973;1692165119;852474;
34228;1692165119;869486;1692165120;45432;
34294;1692165120;59187;1692165120;234723;
34285;1692165120;248811;1692165120;405682;
34191;1692165120;427877;1692165120;593178;
34220;1692165120;610485;1692165120;867714;
34220;1692165120;880932;1692165121;48735;
34239;1692165121;75615;1692165121;249405;
34214;1692165121;258983;1692165121;418237;
34169;1692165121;430302;1692165121;618169;
34266;1692165121;628712;1692165121;809786;
34172;1692165121;828973;1692165122;17637;
34219;1692165122;28872;1692165122;203093;
34138;1692165122;218863;1692165122;427392;
34190;1692165122;438870;1692165122;649392;
34251;1692165122;660272;1692165122;848398;
34237;1692165122;859351;1692165123;27524;
34247;1692165123;42562;1692165123;212779;
34207;1692165123;233363;1692165123;419800;
34222;1692165123;442632;1692165123;613626;
34134;1692165123;628909;1692165123;810294;
34231;1692165123;828873;1692165124;18253;
34197;1692165124;28682;1692165124;224127;
34194;1692165124;239263;1692165124;401795;
34216;1692165124;421115;1692165124;589780;
34213;1692165124;608823;1692165124;780962;
34240;1692165124;798729;1692165124;972845;
34205;1692165124;989749;1692165125;210163;
34229;1692165125;236422;1692165125;430501;
34221;1692165125;450536;1692165125;608469;
34200;1692165125;618939;1692165125;814769;
34220;1692165125;835426;1692165126;3857;
34136;1692165126;18976;1692165126;209827;
34199;1692165126;229705;1692165126;389050;
34213;1692165126;401624;1692165126;578051;
34220;1692165126;588952;1692165126;759131;
34207;1692165126;779181;1692165126;966921;
34246;1692165126;981685;1692165127;164209;
34194;1692165127;190446;1692165127;455773;
34215;1692165127;474954;1692165127;667483;
34145;1692165127;680206;1692165127;867150;
34195;1692165127;888721;1692165128;110016;
34178;1692165128;128948;1692165128;301855;
34173;1692165128;318976;1692165128;540478;
34309;1692165128;562561;1692165128;759993;
34263;1692165128;782252;1692165128;998163;
34266;1692165129;8886;1692165129;175840;
34226;1692165129;190214;1692165129;344594;
34233;1692165129;372284;1692165129;575510;
34205;1692165129;589040;1692165129;750674;
34264;1692165129;770817;1692165129;965359;
34197;1692165129;979346;1692165130;138347;
34209;1692165130;170639;1692165130;331884;
34179;1692165130;349567;1692165130;506127;
34153;1692165130;518993;1692165130;682853;
34230;1692165130;698904;1692165130;958018;
34212;1692165130;978957;1692165131;139589;
34175;1692165131;160841;1692165131;353851;
34231;1692165131;371031;1692165131;543028;
34247;1692165131;558843;1692165131;749373;
34264;1692165131;759316;1692165131;947337;
34237;1692165131;959096;1692165132;148655;
34229;1692165132;161140;1692165132;327944;
34233;1692165132;340806;1692165132;492138;
34234;1692165132;510149;1692165132;681479;
34216;1692165132;698917;1692165132;874061;
34223;1692165132;889069;1692165133;43706;
34245;1692165133;69857;1692165133;216912;
34248;1692165133;229453;1692165133;390150;
34195;1692165133;410682;1692165133;588911;
34238;1692165133;599298;1692165133;765839;
34267;1692165133;780774;1692165134;36998;
34213;1692165134;48894;1692165134;234703;
34199;1692165134;252585;1692165134;412554;
34186;1692165134;428955;1692165134;595000;
34215;1692165134;612046;1692165134;778033;
34244;1692165134;788891;1692165134;948311;
34164;1692165134;968464;1692165135;159819;
34256;1692165135;182782;1692165135;345597;
34257;1692165135;373115;1692165135;564878;
34183;1692165135;578770;1692165135;737292;
34215;1692165135;768414;1692165135;950699;
34302;1692165135;971190;1692165136;180077;
34218;1692165136;198976;1692165136;370216;
34225;1692165136;391537;1692165136;590476;
34215;1692165136;616786;1692165136;818320;
34203;1692165136;828983;1692165137;5608;
34203;1692165137;18948;1692165137;220979;
34247;1692165137;269035;1692165137;440927;
34221;1692165137;459038;1692165137;658976;
34185;1692165137;668955;1692165137;817364;
34248;1692165137;866601;1692165138;53948;
34179;1692165138;69155;1692165138;274821;
34209;1692165138;312722;1692165138;487939;
34223;1692165138;499076;1692165138;671428;
34218;1692165138;689120;1692165138;854504;
34216;1692165138;869477;1692165139;63475;
34202;1692165139;78963;1692165139;250377;
34159;1692165139;273813;1692165139;436856;
34163;1692165139;449449;1692165139;643250;
34190;1692165139;678443;1692165139;865140;
34253;1692165139;879361;1692165140;54232;
34214;1692165140;70956;1692165140;250269;
34181;1692165140;269748;1692165140;457327;
34204;1692165140;468899;1692165140;626747;
34205;1692165140;664866;1692165140;848622;
34197;1692165140;859405;1692165141;60205;
34173;1692165141;81209;1692165141;268922;
34167;1692165141;279920;1692165141;438441;
34193;1692165141;464057;1692165141;632359;
34219;1692165141;663688;1692165141;829241;
34255;1692165141;839139;1692165142;24706;
36599;1692165142;38898;1692165142;209706;
26083;1692165142;238153;1692165142;363890;
35107;1692165142;381423;1692165142;616614;
39027;1692165142;630089;1692165142;891830;
39041;1692165142;908938;1692165143;92728;
39067;1692165143;112101;1692165143;313239;
39022;1692165143;331078;1692165143;523575;
39186;1692165143;539048;1692165143;727858;
39010;1692165143;739484;1692165144;16825;
39111;1692165144;29076;1692165144;255828;
38948;1692165144;270753;1692165144;466068;
39040;1692165144;481219;1692165144;710268;
39037;1692165144;729208;1692165144;925849;
39044;1692165144;948047;1692165145;160627;
39102;1692165145;180154;1692165145;364320;
39110;1692165145;379821;1692165145;597041;
39088;1692165145;612638;1692165145;775969;
38994;1692165145;789465;1692165146;8738;
39127;1692165146;29355;1692165146;240849;
39185;1692165146;260596;1692165146;471514;
39148;1692165146;490320;1692165146;664653;
39101;1692165146;682641;1692165146;895402;
38986;1692165146;909277;1692165147;131634;
38976;1692165147;149191;1692165147;344409;
39094;1692165147;358939;1692165147;569581;
39003;1692165147;589469;1692165147;825692;
38978;1692165147;839019;1692165148;39162;
39060;1692165148;60756;1692165148;288510;
39012;1692165148;302253;1692165148;533633;
38961;1692165148;549232;1692165148;781990;
38967;1692165148;799366;1692165149;98753;
39058;1692165149;110872;1692165149;299330;
39085;1692165149;309572;1692165149;492191;
38980;1692165149;512119;1692165149;716148;
39041;1692165149;729485;1692165149;944420;
39088;1692165149;961664;1692165150;177850;
38969;1692165150;189106;1692165150;409413;
49509;1692165150;430473;1692165150;691388;
23324;1692165150;708963;1692165150;806389;
31042;1692165153;373469;1692165153;521272;
35375;1692165153;539115;1692165153;734192;
34264;1692165153;749111;1692165153;919273;
34269;1692165153;930628;1692165154;116861;
34319;1692165154;141035;1692165154;317746;
34322;1692165154;329635;1692165154;543792;
54548;1692165154;559572;1692165154;834033;
16412;1692165154;850662;1692165154;914307;
16141;1692165154;931294;1692165155;17507;
16023;1692165155;29751;1692165155;101767;
15952;1692165155;120576;1692165155;194367;
15915;1692165155;210356;1692165155;287164;
15938;1692165155;299441;1692165155;368599;
15924;1692165155;379160;1692165155;461463;
15900;1692165155;479192;1692165155;570819;
15934;1692165155;589858;1692165155;660183;
15921;1692165155;679525;1692165155;773307;
15909;1692165155;788993;1692165155;890993;
15929;1692165155;909214;1692165156;46598;
15922;1692165156;59265;1692165156;136744;
15932;1692165156;148999;1692165156;214749;
15941;1692165156;232608;1692165156;306212;
15950;1692165156;319999;1692165156;416347;
15979;1692165156;429001;1692165156;505083;
15950;1692165156;519104;1692165156;602867;
15968;1692165156;618895;1692165156;687666;
15925;1692165156;709697;1692165156;778952;
15972;1692165156;789003;1692165156;850524;
15923;1692165156;873236;1692165156;956373;
15951;1692165156;979071;1692165157;87404;
15969;1692165157;99104;1692165157;183989;
15968;1692165157;199163;1692165157;319150;
15916;1692165157;329157;1692165157;435595;
15928;1692165157;449092;1692165157;528139;
15961;1692165157;549108;1692165157;622343;
15935;1692165157;639186;1692165157;712350;
15939;1692165157;729182;1692165157;806900;
15927;1692165157;819154;1692165157;892042;
15971;1692165157;909142;1692165157;968591;
15939;1692165157;979102;1692165158;55512;
15991;1692165158;69939;1692165158;153159;
15949;1692165158;171714;1692165158;244590;
15971;1692165158;259250;1692165158;333612;
15968;1692165158;349253;1692165158;463188;
23674;1692165158;664147;1692165158;756544;
23689;1692165158;769255;1692165158;870939;
35378;1692165158;966157;1692165159;219235;
35478;1692165159;239270;1692165159;391150;
32348;1692165159;409022;1692165159;569649;
32782;1692165159;593115;1692165159;739377;
33132;1692165159;760978;1692165159;919417;
33038;1692165159;929288;1692165160;94686;
33467;1692165160;112068;1692165160;336216;
33071;1692165160;349815;1692165160;492266;
33236;1692165160;509091;1692165160;673498;
33666;1692165160;689116;1692165160;886042;
33541;1692165160;900712;1692165161;99832;
33851;1692165161;120430;1692165161;308176;
34163;1692165161;319092;1692165161;525414;
34244;1692165161;552079;1692165161;746494;
34250;1692165161;759374;1692165162;15246;
34281;1692165162;29182;1692165162;232289;
34174;1692165162;251849;1692165162;447926;
34236;1692165162;469026;1692165162;697483;
18904;1692165162;714084;1692165162;836115;
23828;1692165162;849543;1692165163;6125;
23655;1692165163;19285;1692165163;181963;
23429;1692165163;199689;1692165163;327219;
23288;1692165163;349407;1692165163;474426;
23028;1692165163;489160;1692165163;589655;
23084;1692165163;612598;1692165163;752308;
23084;1692165163;769465;1692165163;873787;
23034;1692165163;889096;1692165163;997460;
23007;1692165164;9242;1692165164;110812;
23052;1692165164;131579;1692165164;239285;
23044;1692165164;259091;1692165164;385913;
23048;1692165164;401421;1692165164;546863;
23052;1692165164;562763;1692165164;710819;
22998;1692165164;729033;1692165164;869011;
23042;1692165164;881387;1692165165;34073;
23063;1692165165;53701;1692165165;191110;
22988;1692165165;209414;1692165165;348925;
23014;1692165165;362815;1692165165;485305;
23019;1692165165;504561;1692165165;616869;
23013;1692165165;633792;1692165165;780695;
23012;1692165165;801339;1692165165;928757;
23014;1692165165;939888;1692165166;66761;
23045;1692165166;79165;1692165166;225089;
22993;1692165166;243038;1692165166;361075;
22998;1692165166;379193;1692165166;527974;
23040;1692165166;553231;1692165166;725369;
23692;1692165166;889071;1692165167;43273;
35526;1692165167;59195;1692165167;297142;
36049;1692165167;309487;1692165167;515938;
32297;1692165167;532353;1692165167;710973;
32603;1692165167;736168;1692165167;888448;
33094;1692165167;899816;1692165168;70665;
33354;1692165168;91198;1692165168;272481;
32979;1692165168;289547;1692165168;541235;
33300;1692165168;559134;1692165168;721859;
33705;1692165168;739234;1692165169;54807;
33571;1692165169;73080;1692165169;272355;
34283;1692165169;289404;1692165169;470623;
34271;1692165169;489276;1692165169;657137;
34323;1692165169;683054;1692165169;890389;
34367;1692165169;911084;1692165170;96935;
34272;1692165170;109419;1692165170;322598;
34333;1692165170;339261;1692165170;523109;
34231;1692165170;548058;1692165170;712099;
34246;1692165170;739994;1692165170;974616;
34303;1692165170;992132;1692165171;186382;
34309;1692165171;199222;1692165171;395342;
34244;1692165171;432521;1692165171;653861;
34262;1692165171;669525;1692165171;852331;
34313;1692165171;869240;1692165172;67141;
34273;1692165172;79166;1692165172;287038;
34049;1692165172;299240;1692165172;502896;
30522;1692165172;523678;1692165172;675577;
32545;1692165172;690594;1692165172;853029;
34334;1692165172;884263;1692165173;87600;
34418;1692165173;101968;1692165173;267902;
32508;1692165173;281774;1692165173;512808;
33618;1692165173;531311;1692165173;736917;
33301;1692165173;749271;1692165173;899314;
34443;1692165173;909341;1692165174;63867;
31118;1692165174;86972;1692165174;238734;
30920;1692165174;249165;1692165174;402744;
